word,radical,pinyin,label,bounds,flags
基,土,jī,O,B,n
础,石,chǔ,O,E,n
研,石,yán,O,B,vn
究,穴,jiū,O,E,vn
LB,UNK,UNK,O,S,x
基,土,jī,O,B,n
金,金,jīn,O,M,n
项,页,xiàng,O,M,n
目,目,mù,O,E,n
:,UNK,UNK,O,S,x
山,山,shān,O,B,ns
西,覀,xī,O,M,ns
省,目,shěng,O,E,ns
自,自,zì,O,B,l
然,灬,rán,O,M,l
科,禾,kē,O,M,l
学,子,xué,O,E,l
基,土,jī,O,B,n
金,金,jīn,O,E,n
资,贝,zī,O,B,n
助,力,zhù,O,E,n
项,页,xiàng,O,B,n
目,目,mù,O,E,n
(,UNK,UNK,O,S,x
num,UNK,UNK,O,B,m
num,UNK,UNK,O,M,m
num,UNK,UNK,O,M,m
num,UNK,UNK,O,M,m
num,UNK,UNK,O,M,m
num,UNK,UNK,O,M,m
num,UNK,UNK,O,M,m
num,UNK,UNK,O,M,m
num,UNK,UNK,O,M,m
num,UNK,UNK,O,E,m
-,UNK,UNK,O,S,x
num,UNK,UNK,O,S,x
),UNK,UNK,O,S,x
LB,UNK,UNK,O,S,x
R,UNK,UNK,B-Treatment,B,eng
N,UNK,UNK,I-Treatment,M,eng
A,UNK,UNK,I-Treatment,E,eng
SPACE,UNK,UNK,I-Treatment,S,x
干,干,gān,I-Treatment,B,v
扰,扌,rǎo,I-Treatment,E,v
血,血,xiě,B-Anatomy,B,n
管,竹,guǎn,I-Anatomy,E,n
紧,糸,jǐn,I-Anatomy,B,a
张,弓,zhāng,I-Anatomy,E,a
素,糸,sù,I-Anatomy,S,n
转,车,zhuǎn,I-Anatomy,B,v
换,扌,huàn,I-Anatomy,E,v
酶,酉,méi,I-Anatomy,S,n
表,衣,biǎo,O,B,v
达,辶,dá,O,E,v
对,寸,duì,O,S,p
SPACE,UNK,UNK,O,S,x
num,UNK,UNK,B-Disease,S,x
SPACE,UNK,UNK,I-Disease,S,x
型,土,xíng,I-Disease,S,k
LB,UNK,UNK,I-Disease,S,x
糖,米,táng,I-Disease,B,n
尿,尸,niào,I-Disease,M,n
病,疒,bìng,I-Disease,E,n
大,大,dà,O,B,n
鼠,鼠,shǔ,O,E,n
糖,米,táng,B-Symptom,S,zg
代,亻,dài,I-Symptom,B,v
谢,讠,xiè,I-Symptom,E,v
的,白,dí,O,S,uj
影,彡,yǐng,O,B,vn
响,口,xiǎng,O,E,vn
LB,UNK,UNK,O,S,x
何,亻,hé,O,B,nr
军,冖,jūn,O,M,nr
华,十,huá,O,E,nr
SPACE,UNK,UNK,O,S,x
SPACE,UNK,UNK,O,S,x
李,木,lǐ,O,B,nr
兴,八,xīng,O,E,nr
SPACE,UNK,UNK,O,S,x
SPACE,UNK,UNK,O,S,x
程,禾,chéng,O,B,nr
瑞,王,ruì,O,E,nr
SPACE,UNK,UNK,O,S,x
SPACE,UNK,UNK,O,S,x
吴,口,wú,O,B,nr
慧,心,huì,O,M,nr
璐,王,lù,O,E,nr
SPACE,UNK,UNK,O,S,x
SPACE,UNK,UNK,O,S,x
王,王,wáng,O,B,nr
丽,一,lì,O,E,nr
sep,sep,sep,sep,sep,sep
LB,UNK,UNK,O,S,x
[,UNK,UNK,O,S,x
摘,扌,zhāi,O,B,v
要,覀,yào,O,E,v
],UNK,UNK,O,S,x
SPACE,UNK,UNK,O,S,x
SPACE,UNK,UNK,O,S,x
SPACE,UNK,UNK,O,S,x
目,目,mù,O,B,n
的,白,dí,O,E,n
SPACE,UNK,UNK,O,S,x
SPACE,UNK,UNK,O,S,x
用,用,yòng,O,S,p
SPACE,UNK,UNK,O,S,x
R,UNK,UNK,B-Treatment,B,eng
N,UNK,UNK,I-Treatment,M,eng
A,UNK,UNK,I-Treatment,E,eng
SPACE,UNK,UNK,I-Treatment,S,x
干,干,gān,I-Treatment,B,v
扰,扌,rǎo,I-Treatment,E,v
技,扌,jì,O,B,n
术,木,shù,O,E,n
下,一,xià,O,B,v
调,讠,tiáo,O,E,v
血,血,xiě,B-Anatomy,B,n
管,竹,guǎn,I-Anatomy,E,n
紧,糸,jǐn,I-Anatomy,B,a
张,弓,zhāng,I-Anatomy,E,a
素,糸,sù,I-Anatomy,S,n
转,车,zhuǎn,I-Anatomy,B,v
换,扌,huàn,I-Anatomy,E,v
酶,酉,méi,I-Anatomy,S,n
表,衣,biǎo,O,B,v
达,辶,dá,O,E,v
",",UNK,UNK,O,S,x
sep,sep,sep,sep,sep,sep
观,见,guān,O,B,v
察,宀,chá,O,E,v
其,八,qí,O,S,r
对,寸,duì,O,S,p
SPACE,UNK,UNK,O,S,x
num,UNK,UNK,B-Disease,S,x
SPACE,UNK,UNK,I-Disease,S,x
型,土,xíng,I-Disease,S,k
糖,米,táng,I-Disease,B,n
尿,尸,niào,I-Disease,M,n
病,疒,bìng,I-Disease,E,n
大,大,dà,O,B,n
鼠,鼠,shǔ,O,E,n
血,血,xiě,B-Test,B,n
糖,米,táng,I-Test,E,n
、,UNK,UNK,O,S,x
胰,月,yí,B-Symptom,B,n
岛,山,dǎo,I-Symptom,E,n
LB,UNK,UNK,I-Symptom,S,x
素,糸,sù,I-Symptom,S,n
抵,扌,dǐ,I-Symptom,B,vn
抗,扌,kàng,I-Symptom,E,vn
及,又,jí,O,S,c
胰,月,yí,B-Symptom,B,n
腺,月,xiàn,I-Symptom,E,n
氧,气,yǎng,I-Symptom,B,n
化,亻,huà,I-Symptom,M,n
应,广,yīng,I-Symptom,M,n
激,氵,jī,I-Symptom,E,n
的,白,dí,O,S,uj
影,彡,yǐng,O,B,vn
响,口,xiǎng,O,E,vn
。,UNK,UNK,O,S,x
sep,sep,sep,sep,sep,sep
SPACE,UNK,UNK,O,S,x
方,方,fāng,O,B,n
法,氵,fǎ,O,E,n
SPACE,UNK,UNK,O,S,x
SPACE,UNK,UNK,O,S,x
制,刂,zhì,O,B,v
备,夂,bèi,O,E,v
SPACE,UNK,UNK,O,S,x
num,UNK,UNK,B-Disease,S,x
SPACE,UNK,UNK,I-Disease,S,x
型,土,xíng,I-Disease,S,k
糖,米,táng,I-Disease,B,n
尿,尸,niào,I-Disease,M,n
病,疒,bìng,I-Disease,E,n
大,大,dà,O,B,n
鼠,鼠,shǔ,O,E,n
模,木,mó,O,B,n
型,土,xíng,O,E,n
",",UNK,UNK,O,S,x
sep,sep,sep,sep,sep,sep
分,刀,fēn,O,B,v
为,丶,wéi,O,E,v
糖,米,táng,B-Disease,B,n
尿,尸,niào,I-Disease,M,n
病,疒,bìng,I-Disease,E,n
对,寸,duì,O,B,n
照,灬,zhào,O,M,n
组,纟,zǔ,O,E,n
(,UNK,UNK,O,S,x
注,氵,zhù,O,B,v
射,寸,shè,O,E,v
对,寸,duì,O,B,p
照,灬,zhào,O,E,p
重,里,zhòng,O,B,vn
组,纟,zǔ,O,E,vn
腺,月,xiàn,O,B,n
病,疒,bìng,O,E,n
LB,UNK,UNK,O,S,x
毒,母,dú,O,S,zg
),UNK,UNK,O,S,x
、,UNK,UNK,O,S,x
基,土,jī,B-Treatment,B,n
因,囗,yīn,I-Treatment,M,n
治,氵,zhì,I-Treatment,M,n
疗,疒,liáo,I-Treatment,E,n
组,纟,zǔ,O,S,zg
(,UNK,UNK,O,S,x
注,氵,zhù,B-Treatment,B,v
射,寸,shè,I-Treatment,E,v
靶,革,bǎ,I-Treatment,B,n
向,口,xiàng,I-Treatment,E,n
抑,扌,yì,I-Treatment,B,v
制,刂,zhì,I-Treatment,E,v
SPACE,UNK,UNK,I-Treatment,S,x
A,UNK,UNK,I-Treatment,B,eng
C,UNK,UNK,I-Treatment,M,eng
E,UNK,UNK,I-Treatment,E,eng
SPACE,UNK,UNK,I-Treatment,S,x
基,土,jī,I-Treatment,B,n
因,囗,yīn,I-Treatment,E,n
表,衣,biǎo,I-Treatment,B,v
达,辶,dá,I-Treatment,E,v
的,白,dí,I-Treatment,S,uj
小,小,xiǎo,I-Treatment,S,n
干,干,gān,I-Treatment,B,v
扰,扌,rǎo,I-Treatment,E,v
SPACE,UNK,UNK,I-Treatment,S,x
R,UNK,UNK,I-Treatment,B,eng
N,UNK,UNK,I-Treatment,M,eng
A,UNK,UNK,I-Treatment,E,eng
SPACE,UNK,UNK,I-Treatment,S,x
重,里,zhòng,I-Treatment,B,vn
组,纟,zǔ,I-Treatment,E,vn
腺,月,xiàn,I-Treatment,B,n
病,疒,bìng,I-Treatment,M,n
毒,母,dú,I-Treatment,E,n
载,车,zǎi,I-Treatment,B,n
体,亻,tǐ,I-Treatment,E,n
),UNK,UNK,O,S,x
、,UNK,UNK,O,S,x
依,亻,yī,B-Drug,B,ns
那,阝,nà,I-Drug,M,ns
普,日,pǔ,I-Drug,M,ns
利,刂,lì,I-Drug,E,ns
组,纟,zǔ,O,S,zg
(,UNK,UNK,O,S,x
每,母,měi,O,B,r
日,日,rì,O,E,r
依,亻,yī,O,S,v
那,阝,nà,O,S,r
普,日,pǔ,O,S,ad
LB,UNK,UNK,O,S,x
利,刂,lì,O,S,n
灌,氵,guàn,O,B,n
胃,月,wèi,O,E,n
),UNK,UNK,O,S,x
",",UNK,UNK,O,S,x
sep,sep,sep,sep,sep,sep
同,口,tóng,O,B,c
时,日,shí,O,E,c
设,讠,shè,O,S,v
正,止,zhèng,O,B,d
常,巾,cháng,O,E,d
血,血,xiě,B-Test,B,n
糖,米,táng,I-Test,E,n
对,寸,duì,O,B,n
照,灬,zhào,O,M,n
组,纟,zǔ,O,E,n
(,UNK,UNK,O,S,x
注,氵,zhù,O,B,v
射,寸,shè,O,E,v
生,生,shēng,O,B,n
理,王,lǐ,O,M,n
盐,皿,yán,O,M,n
水,水,shuǐ,O,E,n
),UNK,UNK,O,S,x
",",UNK,UNK,O,S,x
sep,sep,sep,sep,sep,sep
以,人,yǐ,O,B,f
上,一,shàng,O,E,f
注,氵,zhù,O,B,v
射,寸,shè,O,E,v
均,土,jūn,O,S,d
为,丶,wéi,O,S,p
尾,尸,wěi,B-Anatomy,S,n
静,青,jìng,I-Anatomy,B,l
脉,月,mài,I-Anatomy,M,l
注,氵,zhù,B-Method,M,l
射,寸,shè,I-Method,E,l
",",UNK,UNK,O,S,x
sep,sep,sep,sep,sep,sep
于,二,yú,O,S,p
实,宀,shí,O,B,vn
验,马,yàn,O,E,vn
的,白,dí,O,S,uj
第,竹,dì,O,S,m
SPACE,UNK,UNK,O,S,x
num,UNK,UNK,O,S,x
SPACE,UNK,UNK,O,S,x
和,口,hé,O,S,c
第,竹,dì,O,S,m
SPACE,UNK,UNK,O,S,x
num,UNK,UNK,O,B,m
num,UNK,UNK,O,E,m
SPACE,UNK,UNK,O,S,x
天,大,tiān,O,S,q
各,口,gè,O,S,r
LB,UNK,UNK,O,S,x
注,氵,zhù,O,B,v
射,寸,shè,O,E,v
SPACE,UNK,UNK,O,S,x
num,UNK,UNK,O,S,x
SPACE,UNK,UNK,O,S,x
次,欠,cì,O,S,q
。,UNK,UNK,O,S,x
sep,sep,sep,sep,sep,sep
SPACE,UNK,UNK,O,S,x
干,干,gān,O,B,v
预,页,yù,O,E,v
期,月,qī,O,B,f
间,门,jiān,O,E,f
监,皿,jiān,O,B,vn
测,氵,cè,O,E,vn
血,血,xiě,B-Test,B,n
糖,米,táng,I-Test,E,n
、,UNK,UNK,O,S,x
血,血,xiě,B-Test,B,n
压,厂,yā,I-Test,E,n
的,白,dí,O,S,uj
变,又,biàn,O,B,vn
化,亻,huà,O,E,vn
。,UNK,UNK,O,S,x
sep,sep,sep,sep,sep,sep
SPACE,UNK,UNK,O,S,x
于,二,yú,O,S,p
首,首,shǒu,O,B,m
次,欠,cì,O,E,m
注,氵,zhù,O,B,v
射,寸,shè,O,E,v
后,口,hòu,O,S,f
第,竹,dì,O,S,m
SPACE,UNK,UNK,O,S,x
num,UNK,UNK,O,S,x
SPACE,UNK,UNK,O,S,x
天,大,tiān,O,S,q
",",UNK,UNK,O,S,x
sep,sep,sep,sep,sep,sep
检,木,jiǎn,O,B,vn
测,氵,cè,O,E,vn
胰,月,yí,B-Anatomy,B,n
腺,月,xiàn,I-Anatomy,E,n
SPACE,UNK,UNK,O,S,x
A,UNK,UNK,B-Test,B,eng
C,UNK,UNK,I-Test,M,eng
E,UNK,UNK,I-Test,E,eng
SPACE,UNK,UNK,I-Test,S,x
m,UNK,UNK,I-Test,B,eng
R,UNK,UNK,I-Test,M,eng
N,UNK,UNK,I-Test,M,eng
A,UNK,UNK,I-Test,E,eng
SPACE,UNK,UNK,O,S,x
及,又,jí,O,S,c
蛋,虫,dàn,B-Test,B,n
白,白,bái,I-Test,E,n
的,白,dí,O,S,uj
表,衣,biǎo,O,B,v
达,辶,dá,O,E,v
",",UNK,UNK,O,S,x
sep,sep,sep,sep,sep,sep
LB,UNK,UNK,O,S,x
并,干,bìng,O,S,c
检,木,jiǎn,O,B,vn
测,氵,cè,O,E,vn
血,血,xiě,O,B,n
清,氵,qīng,O,E,n
中,丨,zhōng,O,S,f
SPACE,UNK,UNK,O,S,x
A,UNK,UNK,B-Test,B,eng
C,UNK,UNK,I-Test,M,eng
E,UNK,UNK,I-Test,E,eng
SPACE,UNK,UNK,O,S,x
和,口,hé,O,S,c
SPACE,UNK,UNK,O,S,x
A,UNK,UNK,B-Test,B,eng
n,UNK,UNK,I-Test,M,eng
g,UNK,UNK,I-Test,E,eng
SPACE,UNK,UNK,I-Test,S,x
num,UNK,UNK,I-Test,S,m
的,白,dí,O,S,uj
浓,氵,nóng,O,B,n
度,广,dù,O,E,n
。,UNK,UNK,O,S,x
sep,sep,sep,sep,sep,sep
SPACE,UNK,UNK,O,S,x
实,宀,shí,O,B,vn
验,马,yàn,O,E,vn
结,纟,jié,O,B,v
束,木,shù,O,E,v
时,日,shí,O,S,n
",",UNK,UNK,O,S,x
计,讠,jì,O,B,v
算,竹,suàn,O,E,v
胰,月,yí,B-Test,B,n
岛,山,dǎo,I-Test,M,n
素,糸,sù,I-Test,E,n
敏,攵,mǐn,I-Test,B,a
感,心,gǎn,I-Test,E,a
指,扌,zhǐ,I-Test,B,n
数,攵,shù,I-Test,E,n
",",UNK,UNK,O,S,x
sep,sep,sep,sep,sep,sep
检,木,jiǎn,O,B,vn
测,氵,cè,O,E,vn
附,阝,fù,B-Anatomy,B,n
睾,目,gāo,I-Anatomy,E,n
脂,月,zhī,I-Anatomy,B,n
肪,月,fáng,I-Anatomy,M,n
组,纟,zǔ,I-Anatomy,M,n
织,纟,zhī,I-Anatomy,E,n
葡,艹,pú,B-Anatomy,B,n
萄,艹,táo,I-Anatomy,M,n
糖,米,táng,I-Anatomy,E,n
转,车,zhuǎn,I-Anatomy,B,v
运,辶,yùn,I-Anatomy,E,v
蛋,虫,dàn,I-Anatomy,S,n
LB,UNK,UNK,I-Anatomy,S,x
白,白,bái,I-Anatomy,S,a
SPACE,UNK,UNK,I-Anatomy,S,x
num,UNK,UNK,I-Anatomy,S,x
SPACE,UNK,UNK,O,S,x
及,又,jí,O,S,c
胰,月,yí,B-Anatomy,B,n
腺,月,xiàn,I-Anatomy,E,n
SPACE,UNK,UNK,I-Anatomy,S,x
N,UNK,UNK,I-Anatomy,B,eng
A,UNK,UNK,I-Anatomy,M,eng
D,UNK,UNK,I-Anatomy,E,eng
(,UNK,UNK,I-Anatomy,S,x
P,UNK,UNK,I-Anatomy,S,x
),UNK,UNK,I-Anatomy,S,x
H,UNK,UNK,I-Anatomy,S,x
SPACE,UNK,UNK,I-Anatomy,S,x
氧,气,yǎng,I-Anatomy,B,n
化,亻,huà,I-Anatomy,M,n
酶,酉,méi,I-Anatomy,E,n
重,里,zhòng,O,B,a
要,覀,yào,O,E,a
亚,二,yà,O,S,j
单,十,dān,O,B,n
位,亻,wèi,O,E,n
SPACE,UNK,UNK,O,S,x
p,UNK,UNK,B-Test,B,eng
num,UNK,UNK,I-Test,M,eng
num,UNK,UNK,I-Test,M,eng
p,UNK,UNK,I-Test,M,eng
h,UNK,UNK,I-Test,M,eng
o,UNK,UNK,I-Test,M,eng
x,UNK,UNK,I-Test,E,eng
的,白,dí,O,S,uj
表,衣,biǎo,O,B,v
达,辶,dá,O,E,v
。,UNK,UNK,O,S,x
sep,sep,sep,sep,sep,sep
SPACE,UNK,UNK,O,S,x
结,纟,jié,O,B,n
果,木,guǒ,O,E,n
SPACE,UNK,UNK,O,S,x
SPACE,UNK,UNK,O,S,x
干,干,gān,O,B,v
预,页,yù,O,E,v
SPACE,UNK,UNK,O,S,x
num,UNK,UNK,O,B,m
num,UNK,UNK,O,E,m
SPACE,UNK,UNK,O,S,x
d,UNK,UNK,O,S,x
SPACE,UNK,UNK,O,S,x
后,口,hòu,O,S,f
",",UNK,UNK,O,S,x
sep,sep,sep,sep,sep,sep
基,土,jī,B-Treatment,B,n
因,囗,yīn,I-Treatment,M,n
治,氵,zhì,I-Treatment,M,n
疗,疒,liáo,I-Treatment,E,n
组,纟,zǔ,I-Treatment,B,v
与,一,yǔ,O,E,v
依,亻,yī,B-Drug,B,ns
那,阝,nà,I-Drug,M,ns
普,日,pǔ,I-Drug,M,ns
利,刂,lì,I-Drug,E,ns
组,纟,zǔ,O,B,v
血,血,xiě,B-Test,E,v
LB,UNK,UNK,I-Test,S,x
糖,米,táng,I-Test,S,zg
明,日,míng,O,B,a
显,日,xiǎn,O,E,a
低,亻,dī,O,B,v
于,二,yú,O,E,v
糖,米,táng,B-Disease,B,n
尿,尸,niào,I-Disease,M,n
病,疒,bìng,I-Disease,E,n
对,寸,duì,O,B,n
照,灬,zhào,O,M,n
组,纟,zǔ,O,E,n
[,UNK,UNK,O,S,x
(,UNK,UNK,O,S,x
num,UNK,UNK,B-Test_Value,B,m
num,UNK,UNK,I-Test_Value,M,m
.,UNK,UNK,I-Test_Value,E,m
SPACE,UNK,UNK,I-Test_Value,S,x
num,UNK,UNK,I-Test_Value,S,x
SPACE,UNK,UNK,I-Test_Value,S,x
±,UNK,UNK,I-Test_Value,S,x
SPACE,UNK,UNK,I-Test_Value,S,x
num,UNK,UNK,I-Test_Value,B,m
.,UNK,UNK,I-Test_Value,E,m
SPACE,UNK,UNK,I-Test_Value,S,x
num,UNK,UNK,I-Test_Value,S,x
SPACE,UNK,UNK,I-Test_Value,S,x
和,口,hé,I-Test_Value,S,c
SPACE,UNK,UNK,I-Test_Value,S,x
num,UNK,UNK,I-Test_Value,B,m
num,UNK,UNK,I-Test_Value,M,m
.,UNK,UNK,I-Test_Value,E,m
SPACE,UNK,UNK,I-Test_Value,S,x
num,UNK,UNK,I-Test_Value,S,x
SPACE,UNK,UNK,I-Test_Value,S,x
±,UNK,UNK,I-Test_Value,S,x
SPACE,UNK,UNK,I-Test_Value,S,x
num,UNK,UNK,I-Test_Value,B,m
.,UNK,UNK,I-Test_Value,E,m
SPACE,UNK,UNK,I-Test_Value,S,x
num,UNK,UNK,I-Test_Value,S,x
SPACE,UNK,UNK,I-Test_Value,S,x
对,寸,duì,I-Test_Value,S,p
SPACE,UNK,UNK,I-Test_Value,S,x
num,UNK,UNK,I-Test_Value,B,m
num,UNK,UNK,I-Test_Value,M,m
.,UNK,UNK,I-Test_Value,E,m
SPACE,UNK,UNK,I-Test_Value,S,x
num,UNK,UNK,I-Test_Value,S,x
SPACE,UNK,UNK,I-Test_Value,S,x
±,UNK,UNK,I-Test_Value,S,x
SPACE,UNK,UNK,I-Test_Value,S,x
num,UNK,UNK,I-Test_Value,B,m
.,UNK,UNK,I-Test_Value,E,m
SPACE,UNK,UNK,I-Test_Value,S,x
num,UNK,UNK,I-Test_Value,S,x
),UNK,UNK,I-Test_Value,S,x
m,UNK,UNK,I-Test_Value,B,eng
m,UNK,UNK,I-Test_Value,M,eng
o,UNK,UNK,I-Test_Value,M,eng
l,UNK,UNK,I-Test_Value,E,eng
SPACE,UNK,UNK,I-Test_Value,S,x
/,UNK,UNK,I-Test_Value,S,x
SPACE,UNK,UNK,I-Test_Value,S,x
L,UNK,UNK,I-Test_Value,S,x
",",UNK,UNK,O,S,x
sep,sep,sep,sep,sep,sep
SPACE,UNK,UNK,O,S,x
P,UNK,UNK,O,S,x
<,UNK,UNK,O,S,x
num,UNK,UNK,O,B,m
.,UNK,UNK,O,E,m
SPACE,UNK,UNK,O,S,x
num,UNK,UNK,O,B,m
num,UNK,UNK,O,E,m
],UNK,UNK,O,S,x
。,UNK,UNK,O,S,x
SPACE,UNK,UNK,O,S,x
基,土,jī,B-Treatment,B,n
因,囗,yīn,I-Treatment,M,n
治,氵,zhì,I-Treatment,M,n
疗,疒,liáo,I-Treatment,E,n
组,纟,zǔ,O,S,zg
胰,月,yí,B-Anatomy,B,n
腺,月,xiàn,I-Anatomy,E,n
LB,UNK,UNK,O,S,x
A,UNK,UNK,B-Test,B,eng
C,UNK,UNK,I-Test,M,eng
E,UNK,UNK,I-Test,E,eng
SPACE,UNK,UNK,I-Test,S,x
m,UNK,UNK,I-Test,B,eng
R,UNK,UNK,I-Test,M,eng
N,UNK,UNK,I-Test,M,eng
A,UNK,UNK,I-Test,E,eng
SPACE,UNK,UNK,I-Test,S,x
及,又,jí,I-Test,S,c
蛋,虫,dàn,I-Test,B,n
白,白,bái,I-Test,E,n
表,衣,biǎo,I-Test,B,v
达,辶,dá,I-Test,E,v
较,车,jiào,B-Test_Value,S,zg
糖,米,táng,I-Test_Value,B,n
尿,尸,niào,I-Test_Value,M,n
病,疒,bìng,I-Test_Value,E,n
对,寸,duì,I-Test_Value,B,n
照,灬,zhào,I-Test_Value,M,n
组,纟,zǔ,I-Test_Value,E,n
明,日,míng,I-Test_Value,B,n
显,日,xiǎn,I-Test_Value,M,n
降,阝,jiàng,I-Test_Value,M,n
低,亻,dī,I-Test_Value,E,n
(,UNK,UNK,O,S,x
P,UNK,UNK,O,S,x
<,UNK,UNK,O,S,x
num,UNK,UNK,O,B,m
.,UNK,UNK,O,E,m
SPACE,UNK,UNK,O,S,x
num,UNK,UNK,O,B,m
num,UNK,UNK,O,E,m
),UNK,UNK,O,S,x
",",UNK,UNK,O,S,x
sep,sep,sep,sep,sep,sep
基,土,jī,B-Treatment,B,n
因,囗,yīn,I-Treatment,M,n
治,氵,zhì,I-Treatment,M,n
疗,疒,liáo,I-Treatment,E,n
组,纟,zǔ,O,S,zg
SPACE,UNK,UNK,O,S,x
A,UNK,UNK,B-Test,B,eng
C,UNK,UNK,I-Test,M,eng
E,UNK,UNK,I-Test,E,eng
SPACE,UNK,UNK,O,S,x
和,口,hé,O,S,c
SPACE,UNK,UNK,O,S,x
A,UNK,UNK,B-Test,B,eng
n,UNK,UNK,I-Test,M,eng
g,UNK,UNK,I-Test,E,eng
SPACE,UNK,UNK,I-Test,S,x
num,UNK,UNK,I-Test,S,m
的,白,dí,O,S,uj
血,血,xiě,O,B,n
清,氵,qīng,O,E,n
浓,氵,nóng,O,B,n
度,广,dù,O,E,n
分,刀,fēn,O,B,d
别,刂,bié,O,E,d
为,丶,wéi,O,S,p
LB,UNK,UNK,O,S,x
(,UNK,UNK,O,S,x
num,UNK,UNK,B-Test_Value,B,m
num,UNK,UNK,I-Test_Value,M,m
.,UNK,UNK,I-Test_Value,E,m
SPACE,UNK,UNK,I-Test_Value,S,x
num,UNK,UNK,I-Test_Value,B,m
num,UNK,UNK,I-Test_Value,E,m
SPACE,UNK,UNK,I-Test_Value,S,x
±,UNK,UNK,I-Test_Value,S,x
SPACE,UNK,UNK,I-Test_Value,S,x
num,UNK,UNK,I-Test_Value,B,m
.,UNK,UNK,I-Test_Value,E,m
SPACE,UNK,UNK,I-Test_Value,S,x
num,UNK,UNK,I-Test_Value,B,m
num,UNK,UNK,I-Test_Value,E,m
),UNK,UNK,I-Test_Value,S,x
n,UNK,UNK,I-Test_Value,B,eng
g,UNK,UNK,I-Test_Value,E,eng
SPACE,UNK,UNK,I-Test_Value,S,x
/,UNK,UNK,I-Test_Value,S,x
SPACE,UNK,UNK,I-Test_Value,S,x
m,UNK,UNK,I-Test_Value,B,eng
l,UNK,UNK,I-Test_Value,E,eng
SPACE,UNK,UNK,O,S,x
和,口,hé,O,S,c
(,UNK,UNK,B-Test_Value,S,x
num,UNK,UNK,I-Test_Value,B,m
num,UNK,UNK,I-Test_Value,M,m
.,UNK,UNK,I-Test_Value,E,m
SPACE,UNK,UNK,I-Test_Value,S,x
num,UNK,UNK,I-Test_Value,B,m
num,UNK,UNK,I-Test_Value,E,m
SPACE,UNK,UNK,I-Test_Value,S,x
±,UNK,UNK,I-Test_Value,S,x
SPACE,UNK,UNK,I-Test_Value,S,x
num,UNK,UNK,I-Test_Value,B,m
.,UNK,UNK,I-Test_Value,E,m
SPACE,UNK,UNK,I-Test_Value,S,x
num,UNK,UNK,I-Test_Value,B,m
num,UNK,UNK,I-Test_Value,E,m
),UNK,UNK,I-Test_Value,S,x
SPACE,UNK,UNK,I-Test_Value,S,x
p,UNK,UNK,I-Test_Value,B,eng
g,UNK,UNK,I-Test_Value,E,eng
SPACE,UNK,UNK,I-Test_Value,S,x
/,UNK,UNK,I-Test_Value,S,x
SPACE,UNK,UNK,I-Test_Value,S,x
m,UNK,UNK,I-Test_Value,B,eng
l,UNK,UNK,I-Test_Value,E,eng
",",UNK,UNK,O,S,x
sep,sep,sep,sep,sep,sep
较,车,jiào,O,S,zg
糖,米,táng,B-Disease,B,n
尿,尸,niào,I-Disease,M,n
病,疒,bìng,I-Disease,E,n
对,寸,duì,O,B,n
照,灬,zhào,O,M,n
组,纟,zǔ,O,E,n
[,UNK,UNK,O,S,x
(,UNK,UNK,B-Test_Value,S,x
num,UNK,UNK,I-Test_Value,B,m
num,UNK,UNK,I-Test_Value,M,m
.,UNK,UNK,I-Test_Value,E,m
SPACE,UNK,UNK,I-Test_Value,S,x
num,UNK,UNK,I-Test_Value,B,m
num,UNK,UNK,I-Test_Value,E,m
SPACE,UNK,UNK,I-Test_Value,S,x
±,UNK,UNK,I-Test_Value,S,x
SPACE,UNK,UNK,I-Test_Value,S,x
num,UNK,UNK,I-Test_Value,B,m
.,UNK,UNK,I-Test_Value,E,m
SPACE,UNK,UNK,I-Test_Value,S,x
num,UNK,UNK,I-Test_Value,B,m
num,UNK,UNK,I-Test_Value,E,m
),UNK,UNK,I-Test_Value,S,x
SPACE,UNK,UNK,I-Test_Value,S,x
n,UNK,UNK,I-Test_Value,B,eng
g,UNK,UNK,I-Test_Value,E,eng
SPACE,UNK,UNK,I-Test_Value,S,x
/,UNK,UNK,I-Test_Value,S,x
SPACE,UNK,UNK,I-Test_Value,S,x
m,UNK,UNK,I-Test_Value,B,eng
l,UNK,UNK,I-Test_Value,E,eng
",",UNK,UNK,O,S,x
sep,sep,sep,sep,sep,sep
(,UNK,UNK,O,S,x
num,UNK,UNK,B-Test_Value,B,m
num,UNK,UNK,I-Test_Value,M,m
.,UNK,UNK,I-Test_Value,E,m
SPACE,UNK,UNK,I-Test_Value,S,x
num,UNK,UNK,I-Test_Value,B,m
num,UNK,UNK,I-Test_Value,E,m
SPACE,UNK,UNK,I-Test_Value,S,x
±,UNK,UNK,I-Test_Value,S,x
SPACE,UNK,UNK,I-Test_Value,S,x
num,UNK,UNK,I-Test_Value,B,m
.,UNK,UNK,I-Test_Value,E,m
SPACE,UNK,UNK,I-Test_Value,S,x
num,UNK,UNK,I-Test_Value,B,m
num,UNK,UNK,I-Test_Value,E,m
),UNK,UNK,I-Test_Value,S,x
LB,UNK,UNK,I-Test_Value,S,x
p,UNK,UNK,I-Test_Value,B,eng
g,UNK,UNK,I-Test_Value,E,eng
SPACE,UNK,UNK,I-Test_Value,S,x
/,UNK,UNK,I-Test_Value,S,x
SPACE,UNK,UNK,I-Test_Value,S,x
m,UNK,UNK,I-Test_Value,B,eng
l,UNK,UNK,I-Test_Value,E,eng
],UNK,UNK,O,S,x
明,日,míng,B-Test_Value,B,n
显,日,xiǎn,I-Test_Value,M,n
降,阝,jiàng,I-Test_Value,M,n
低,亻,dī,I-Test_Value,E,n
(,UNK,UNK,O,S,x
均,土,jūn,O,S,d
SPACE,UNK,UNK,O,S,x
P,UNK,UNK,O,S,x
<,UNK,UNK,O,S,x
num,UNK,UNK,O,B,m
.,UNK,UNK,O,E,m
SPACE,UNK,UNK,O,S,x
num,UNK,UNK,O,B,m
num,UNK,UNK,O,E,m
),UNK,UNK,O,S,x
。,UNK,UNK,O,S,x
sep,sep,sep,sep,sep,sep
SPACE,UNK,UNK,O,S,x
基,土,jī,B-Treatment,B,n
因,囗,yīn,I-Treatment,M,n
治,氵,zhì,I-Treatment,M,n
疗,疒,liáo,I-Treatment,E,n
组,纟,zǔ,O,B,v
与,一,yǔ,O,E,v
依,亻,yī,B-Drug,B,ns
那,阝,nà,I-Drug,M,ns
普,日,pǔ,I-Drug,M,ns
利,刂,lì,I-Drug,E,ns
组,纟,zǔ,O,S,zg
胰,月,yí,B-Test,B,n
岛,山,dǎo,I-Test,M,n
素,糸,sù,I-Test,E,n
敏,攵,mǐn,I-Test,B,a
感,心,gǎn,I-Test,E,a
指,扌,zhǐ,I-Test,B,n
数,攵,shù,I-Test,E,n
较,车,jiào,O,S,zg
糖,米,táng,B-Disease,B,n
尿,尸,niào,I-Disease,M,n
病,疒,bìng,I-Disease,E,n
对,寸,duì,O,B,n
照,灬,zhào,O,M,n
组,纟,zǔ,O,E,n
(,UNK,UNK,B-Test_Value,S,x
-,UNK,UNK,I-Test_Value,S,x
num,UNK,UNK,I-Test_Value,B,m
.,UNK,UNK,I-Test_Value,E,m
SPACE,UNK,UNK,I-Test_Value,S,x
num,UNK,UNK,I-Test_Value,B,m
num,UNK,UNK,I-Test_Value,E,m
SPACE,UNK,UNK,I-Test_Value,S,x
±,UNK,UNK,I-Test_Value,S,x
SPACE,UNK,UNK,I-Test_Value,S,x
num,UNK,UNK,I-Test_Value,B,m
.,UNK,UNK,I-Test_Value,E,m
SPACE,UNK,UNK,I-Test_Value,S,x
num,UNK,UNK,I-Test_Value,B,m
num,UNK,UNK,I-Test_Value,E,m
LB,UNK,UNK,I-Test_Value,S,x
和,口,hé,I-Test_Value,S,c
-,UNK,UNK,I-Test_Value,S,x
num,UNK,UNK,I-Test_Value,B,m
.,UNK,UNK,I-Test_Value,E,m
SPACE,UNK,UNK,I-Test_Value,S,x
num,UNK,UNK,I-Test_Value,B,m
num,UNK,UNK,I-Test_Value,E,m
SPACE,UNK,UNK,I-Test_Value,S,x
±,UNK,UNK,I-Test_Value,S,x
SPACE,UNK,UNK,I-Test_Value,S,x
num,UNK,UNK,I-Test_Value,B,m
.,UNK,UNK,I-Test_Value,E,m
SPACE,UNK,UNK,I-Test_Value,S,x
num,UNK,UNK,I-Test_Value,B,m
num,UNK,UNK,I-Test_Value,E,m
SPACE,UNK,UNK,I-Test_Value,S,x
对,寸,duì,I-Test_Value,S,p
-,UNK,UNK,I-Test_Value,S,x
num,UNK,UNK,I-Test_Value,B,m
.,UNK,UNK,I-Test_Value,E,m
SPACE,UNK,UNK,I-Test_Value,S,x
num,UNK,UNK,I-Test_Value,B,m
num,UNK,UNK,I-Test_Value,E,m
SPACE,UNK,UNK,I-Test_Value,S,x
±,UNK,UNK,I-Test_Value,S,x
SPACE,UNK,UNK,I-Test_Value,S,x
num,UNK,UNK,I-Test_Value,B,m
.,UNK,UNK,I-Test_Value,E,m
SPACE,UNK,UNK,I-Test_Value,S,x
num,UNK,UNK,I-Test_Value,B,m
num,UNK,UNK,I-Test_Value,E,m
",",UNK,UNK,I-Test_Value,S,x
sep,sep,sep,sep,sep,sep
SPACE,UNK,UNK,I-Test_Value,S,x
P,UNK,UNK,I-Test_Value,S,x
<,UNK,UNK,I-Test_Value,S,x
num,UNK,UNK,I-Test_Value,B,m
.,UNK,UNK,I-Test_Value,E,m
SPACE,UNK,UNK,I-Test_Value,S,x
num,UNK,UNK,I-Test_Value,B,m
num,UNK,UNK,I-Test_Value,E,m
),UNK,UNK,I-Test_Value,S,x
明,日,míng,O,B,nr
显,日,xiǎn,O,M,nr
提,扌,tí,O,M,nr
高,高,gāo,O,E,nr
",",UNK,UNK,O,S,x
附,阝,fù,B-Anatomy,B,n
睾,目,gāo,I-Anatomy,E,n
脂,月,zhī,I-Anatomy,B,n
肪,月,fáng,I-Anatomy,M,n
组,纟,zǔ,I-Anatomy,M,n
织,纟,zhī,I-Anatomy,E,n
葡,艹,pú,B-Test,B,n
萄,艹,táo,I-Test,M,n
糖,米,táng,I-Test,E,n
转,车,zhuǎn,I-Test,B,v
运,辶,yùn,I-Test,E,v
蛋,虫,dàn,I-Test,B,n
白,白,bái,I-Test,E,n
SPACE,UNK,UNK,I-Test,S,x
num,UNK,UNK,I-Test,S,x
SPACE,UNK,UNK,I-Test,S,x
的,白,dí,I-Test,S,uj
表,衣,biǎo,I-Test,B,v
达,辶,dá,I-Test,E,v
也,乙,yě,O,S,d
明,日,míng,B-Test_Value,B,a
显,日,xiǎn,I-Test_Value,E,a
升,十,shēng,I-Test_Value,B,v
高,高,gāo,I-Test_Value,E,v
LB,UNK,UNK,O,S,x
(,UNK,UNK,O,S,x
P,UNK,UNK,O,S,x
<,UNK,UNK,O,S,x
num,UNK,UNK,O,B,m
.,UNK,UNK,O,E,m
SPACE,UNK,UNK,O,S,x
num,UNK,UNK,O,B,m
num,UNK,UNK,O,E,m
),UNK,UNK,O,S,x
;,UNK,UNK,O,S,x
sep,sep,sep,sep,sep,sep
并,干,bìng,O,B,c
且,一,qiě,O,E,c
此,止,cǐ,O,S,zg
两,一,liǎng,O,B,m
组,纟,zǔ,O,E,m
胰,月,yí,B-Anatomy,B,n
腺,月,xiàn,I-Anatomy,E,n
SPACE,UNK,UNK,O,S,x
p,UNK,UNK,B-Test,B,eng
num,UNK,UNK,I-Test,M,eng
num,UNK,UNK,I-Test,M,eng
p,UNK,UNK,I-Test,M,eng
h,UNK,UNK,I-Test,M,eng
o,UNK,UNK,I-Test,M,eng
x,UNK,UNK,I-Test,E,eng
的,白,dí,O,S,uj
表,衣,biǎo,O,B,v
达,辶,dá,O,E,v
明,日,míng,B-Test_Value,B,n
显,日,xiǎn,I-Test_Value,M,n
降,阝,jiàng,I-Test_Value,M,n
低,亻,dī,I-Test_Value,E,n
(,UNK,UNK,O,S,x
P,UNK,UNK,O,S,x
<,UNK,UNK,O,S,x
num,UNK,UNK,O,B,m
.,UNK,UNK,O,E,m
SPACE,UNK,UNK,O,S,x
num,UNK,UNK,O,B,m
num,UNK,UNK,O,E,m
),UNK,UNK,O,S,x
。,UNK,UNK,O,S,x
sep,sep,sep,sep,sep,sep
SPACE,UNK,UNK,O,S,x
结,纟,jié,O,B,n
论,讠,lùn,O,E,n
SPACE,UNK,UNK,O,S,x
SPACE,UNK,UNK,O,S,x
抑,扌,yì,O,B,v
制,刂,zhì,O,E,v
血,血,xiě,B-Anatomy,B,n
管,竹,guǎn,I-Anatomy,E,n
紧,糸,jǐn,I-Anatomy,B,a
张,弓,zhāng,I-Anatomy,E,a
素,糸,sù,I-Anatomy,S,n
转,车,zhuǎn,I-Anatomy,B,v
换,扌,huàn,I-Anatomy,E,v
酶,酉,méi,I-Anatomy,S,n
可,口,kě,O,S,v
延,廴,yán,O,B,v
缓,纟,huǎn,O,E,v
高,高,gāo,B-Symptom,S,a
血,血,xiě,I-Symptom,S,n
LB,UNK,UNK,I-Symptom,S,x
糖,米,táng,I-Symptom,S,zg
进,辶,jìn,O,B,vn
展,尸,zhǎn,O,E,vn
速,辶,sù,O,B,n
度,广,dù,O,E,n
",",UNK,UNK,O,S,x
sep,sep,sep,sep,sep,sep
改,攵,gǎi,O,B,v
善,口,shàn,O,E,v
胰,月,yí,B-Reason,B,n
岛,山,dǎo,I-Reason,M,n
素,糸,sù,I-Reason,E,n
抵,扌,dǐ,I-Reason,B,vn
抗,扌,kàng,I-Reason,E,vn
与,一,yǔ,O,S,p
胰,月,yí,B-Reason,B,n
腺,月,xiàn,I-Reason,E,n
氧,气,yǎng,I-Reason,B,n
化,亻,huà,I-Reason,M,n
应,广,yīng,I-Reason,M,n
激,氵,jī,I-Reason,E,n
状,犬,zhuàng,O,B,n
态,心,tài,O,E,n
",",UNK,UNK,O,S,x
sep,sep,sep,sep,sep,sep
运,辶,yùn,O,B,vn
用,用,yòng,O,E,vn
SPACE,UNK,UNK,O,S,x
R,UNK,UNK,B-Treatment,B,eng
N,UNK,UNK,I-Treatment,M,eng
A,UNK,UNK,I-Treatment,E,eng
SPACE,UNK,UNK,I-Treatment,S,x
干,干,gān,I-Treatment,B,v
扰,扌,rǎo,I-Treatment,E,v
技,扌,jì,I-Treatment,B,n
术,木,shù,I-Treatment,E,n
抑,扌,yì,I-Treatment,B,v
制,刂,zhì,I-Treatment,E,v
血,血,xiě,B-Anatomy,B,n
管,竹,guǎn,I-Anatomy,E,n
紧,糸,jǐn,I-Anatomy,B,a
张,弓,zhāng,I-Anatomy,E,a
素,糸,sù,I-Anatomy,S,n
转,车,zhuǎn,I-Anatomy,B,v
换,扌,huàn,I-Anatomy,E,v
酶,酉,méi,I-Anatomy,S,n
表,衣,biǎo,O,B,v
达,辶,dá,O,E,v
可,口,kě,O,B,v
能,月,néng,O,E,v
LB,UNK,UNK,O,S,x
成,戈,chéng,O,B,v
为,丶,wéi,O,E,v
治,氵,zhì,O,B,v
疗,疒,liáo,O,E,v
糖,米,táng,B-Disease,B,n
尿,尸,niào,I-Disease,M,n
病,疒,bìng,I-Disease,E,n
的,白,dí,O,S,uj
新,斤,xīn,O,S,n
手,手,shǒu,O,B,n
段,殳,duàn,O,E,n
之,丶,zhī,O,B,r
一,一,yī,O,E,r
。,UNK,UNK,O,S,x
sep,sep,sep,sep,sep,sep
LB,UNK,UNK,O,S,x
[,UNK,UNK,O,S,x
关,丷,guān,O,B,n
键,钅,jiàn,O,M,n
词,讠,cí,O,E,n
],UNK,UNK,O,S,x
SPACE,UNK,UNK,O,S,x
SPACE,UNK,UNK,O,S,x
SPACE,UNK,UNK,O,S,x
血,血,xiě,B-Anatomy,B,n
管,竹,guǎn,I-Anatomy,E,n
紧,糸,jǐn,I-Anatomy,B,a
张,弓,zhāng,I-Anatomy,E,a
素,糸,sù,I-Anatomy,S,n
转,车,zhuǎn,I-Anatomy,B,v
换,扌,huàn,I-Anatomy,E,v
酶,酉,méi,I-Anatomy,S,n
;,UNK,UNK,O,S,x
sep,sep,sep,sep,sep,sep
SPACE,UNK,UNK,O,S,x
R,UNK,UNK,B-Treatment,B,eng
N,UNK,UNK,I-Treatment,M,eng
A,UNK,UNK,I-Treatment,E,eng
SPACE,UNK,UNK,I-Treatment,S,x
干,干,gān,I-Treatment,B,v
扰,扌,rǎo,I-Treatment,E,v
;,UNK,UNK,O,S,x
SPACE,UNK,UNK,O,S,x
糖,米,táng,B-Disease,B,n
尿,尸,niào,I-Disease,M,n
病,疒,bìng,I-Disease,E,n
;,UNK,UNK,O,S,x
sep,sep,sep,sep,sep,sep
SPACE,UNK,UNK,O,S,x
大,大,dà,O,B,n
鼠,鼠,shǔ,O,E,n
LB,UNK,UNK,O,S,x
E,UNK,UNK,O,B,eng
f,UNK,UNK,O,M,eng
f,UNK,UNK,O,M,eng
e,UNK,UNK,O,M,eng
c,UNK,UNK,O,M,eng
t,UNK,UNK,O,M,eng
s,UNK,UNK,O,E,eng
SPACE,UNK,UNK,O,S,x
o,UNK,UNK,O,B,eng
f,UNK,UNK,O,E,eng
SPACE,UNK,UNK,O,S,x
R,UNK,UNK,O,B,eng
N,UNK,UNK,O,M,eng
A,UNK,UNK,O,E,eng
SPACE,UNK,UNK,O,S,x
i,UNK,UNK,O,B,eng
n,UNK,UNK,O,M,eng
t,UNK,UNK,O,M,eng
e,UNK,UNK,O,M,eng
r,UNK,UNK,O,M,eng
f,UNK,UNK,O,M,eng
e,UNK,UNK,O,M,eng
r,UNK,UNK,O,M,eng
e,UNK,UNK,O,M,eng
n,UNK,UNK,O,M,eng
c,UNK,UNK,O,M,eng
e,UNK,UNK,O,E,eng
SPACE,UNK,UNK,O,S,x
t,UNK,UNK,O,B,eng
a,UNK,UNK,O,M,eng
r,UNK,UNK,O,M,eng
g,UNK,UNK,O,M,eng
e,UNK,UNK,O,M,eng
t,UNK,UNK,O,M,eng
i,UNK,UNK,O,M,eng
n,UNK,UNK,O,M,eng
g,UNK,UNK,O,E,eng
SPACE,UNK,UNK,O,S,x
a,UNK,UNK,O,B,eng
n,UNK,UNK,O,M,eng
g,UNK,UNK,O,M,eng
i,UNK,UNK,O,M,eng
o,UNK,UNK,O,M,eng
t,UNK,UNK,O,M,eng
e,UNK,UNK,O,M,eng
n,UNK,UNK,O,M,eng
s,UNK,UNK,O,M,eng
i,UNK,UNK,O,M,eng
n,UNK,UNK,O,E,eng
-,UNK,UNK,O,S,x
c,UNK,UNK,O,B,eng
o,UNK,UNK,O,M,eng
n,UNK,UNK,O,M,eng
v,UNK,UNK,O,M,eng
e,UNK,UNK,O,M,eng
r,UNK,UNK,O,M,eng
t,UNK,UNK,O,M,eng
i,UNK,UNK,O,M,eng
n,UNK,UNK,O,M,eng
g,UNK,UNK,O,E,eng
SPACE,UNK,UNK,O,S,x
e,UNK,UNK,O,B,eng
n,UNK,UNK,O,M,eng
z,UNK,UNK,O,M,eng
y,UNK,UNK,O,M,eng
m,UNK,UNK,O,M,eng
e,UNK,UNK,O,E,eng
SPACE,UNK,UNK,O,S,x
o,UNK,UNK,O,B,eng
n,UNK,UNK,O,E,eng
SPACE,UNK,UNK,O,S,x
g,UNK,UNK,O,B,eng
l,UNK,UNK,O,M,eng
u,UNK,UNK,O,M,eng
c,UNK,UNK,O,M,eng
o,UNK,UNK,O,M,eng
s,UNK,UNK,O,M,eng
e,UNK,UNK,O,E,eng
SPACE,UNK,UNK,O,S,x
m,UNK,UNK,O,B,eng
e,UNK,UNK,O,M,eng
t,UNK,UNK,O,M,eng
a,UNK,UNK,O,M,eng
b,UNK,UNK,O,M,eng
o,UNK,UNK,O,M,eng
l,UNK,UNK,O,M,eng
i,UNK,UNK,O,M,eng
s,UNK,UNK,O,M,eng
m,UNK,UNK,O,E,eng
SPACE,UNK,UNK,O,S,x
i,UNK,UNK,O,B,eng
n,UNK,UNK,O,E,eng
SPACE,UNK,UNK,O,S,x
t,UNK,UNK,O,B,eng
y,UNK,UNK,O,M,eng
p,UNK,UNK,O,M,eng
e,UNK,UNK,O,E,eng
SPACE,UNK,UNK,O,S,x
num,UNK,UNK,O,S,x
SPACE,UNK,UNK,O,S,x
d,UNK,UNK,O,B,eng
i,UNK,UNK,O,M,eng
a,UNK,UNK,O,M,eng
b,UNK,UNK,O,M,eng
e,UNK,UNK,O,M,eng
t,UNK,UNK,O,M,eng
i,UNK,UNK,O,M,eng
c,UNK,UNK,O,E,eng
LB,UNK,UNK,O,S,x
r,UNK,UNK,O,B,eng
a,UNK,UNK,O,M,eng
t,UNK,UNK,O,M,eng
s,UNK,UNK,O,E,eng
SPACE,UNK,UNK,O,S,x
SPACE,UNK,UNK,O,S,x
SPACE,UNK,UNK,O,S,x
SPACE,UNK,UNK,O,S,x
H,UNK,UNK,O,B,eng
E,UNK,UNK,O,E,eng
SPACE,UNK,UNK,O,S,x
J,UNK,UNK,O,B,eng
u,UNK,UNK,O,M,eng
n,UNK,UNK,O,E,eng
-,UNK,UNK,O,S,x
h,UNK,UNK,O,B,eng
u,UNK,UNK,O,M,eng
a,UNK,UNK,O,E,eng
",",UNK,UNK,O,S,x
sep,sep,sep,sep,sep,sep
SPACE,UNK,UNK,O,S,x
L,UNK,UNK,O,B,eng
I,UNK,UNK,O,E,eng
SPACE,UNK,UNK,O,S,x
X,UNK,UNK,O,B,eng
i,UNK,UNK,O,M,eng
n,UNK,UNK,O,M,eng
g,UNK,UNK,O,E,eng
",",UNK,UNK,O,S,x
SPACE,UNK,UNK,O,S,x
C,UNK,UNK,O,B,eng
H,UNK,UNK,O,M,eng
E,UNK,UNK,O,M,eng
N,UNK,UNK,O,M,eng
G,UNK,UNK,O,E,eng
SPACE,UNK,UNK,O,S,x
R,UNK,UNK,O,B,eng
u,UNK,UNK,O,M,eng
i,UNK,UNK,O,E,eng
",",UNK,UNK,O,S,x
sep,sep,sep,sep,sep,sep
SPACE,UNK,UNK,O,S,x
W,UNK,UNK,O,B,eng
U,UNK,UNK,O,E,eng
SPACE,UNK,UNK,O,S,x
H,UNK,UNK,O,B,eng
u,UNK,UNK,O,M,eng
i,UNK,UNK,O,E,eng
-,UNK,UNK,O,S,x
l,UNK,UNK,O,B,eng
u,UNK,UNK,O,E,eng
",",UNK,UNK,O,S,x
SPACE,UNK,UNK,O,S,x
W,UNK,UNK,O,B,eng
A,UNK,UNK,O,M,eng
N,UNK,UNK,O,M,eng
G,UNK,UNK,O,E,eng
SPACE,UNK,UNK,O,S,x
L,UNK,UNK,O,B,eng
i,UNK,UNK,O,E,eng
.,UNK,UNK,O,S,m
sep,sep,sep,sep,sep,sep
SPACE,UNK,UNK,O,S,x
D,UNK,UNK,O,B,eng
e,UNK,UNK,O,M,eng
p,UNK,UNK,O,M,eng
a,UNK,UNK,O,M,eng
r,UNK,UNK,O,M,eng
t,UNK,UNK,O,M,eng
m,UNK,UNK,O,M,eng
e,UNK,UNK,O,M,eng
n,UNK,UNK,O,M,eng
t,UNK,UNK,O,E,eng
SPACE,UNK,UNK,O,S,x
o,UNK,UNK,O,B,eng
f,UNK,UNK,O,E,eng
SPACE,UNK,UNK,O,S,x
E,UNK,UNK,O,B,eng
n,UNK,UNK,O,M,eng
d,UNK,UNK,O,M,eng
o,UNK,UNK,O,M,eng
c,UNK,UNK,O,M,eng
r,UNK,UNK,O,M,eng
i,UNK,UNK,O,M,eng
n,UNK,UNK,O,M,eng
o,UNK,UNK,O,M,eng
l,UNK,UNK,O,M,eng
o,UNK,UNK,O,M,eng
g,UNK,UNK,O,M,eng
y,UNK,UNK,O,E,eng
",",UNK,UNK,O,S,x
sep,sep,sep,sep,sep,sep
SPACE,UNK,UNK,O,S,x
t,UNK,UNK,O,B,eng
h,UNK,UNK,O,M,eng
e,UNK,UNK,O,E,eng
SPACE,UNK,UNK,O,S,x
S,UNK,UNK,O,B,eng
e,UNK,UNK,O,M,eng
c,UNK,UNK,O,M,eng
o,UNK,UNK,O,M,eng
n,UNK,UNK,O,M,eng
d,UNK,UNK,O,E,eng
LB,UNK,UNK,O,S,x
H,UNK,UNK,O,B,eng
o,UNK,UNK,O,M,eng
s,UNK,UNK,O,M,eng
p,UNK,UNK,O,M,eng
i,UNK,UNK,O,M,eng
t,UNK,UNK,O,M,eng
a,UNK,UNK,O,M,eng
l,UNK,UNK,O,E,eng
SPACE,UNK,UNK,O,S,x
o,UNK,UNK,O,B,eng
f,UNK,UNK,O,E,eng
SPACE,UNK,UNK,O,S,x
S,UNK,UNK,O,B,eng
h,UNK,UNK,O,M,eng
a,UNK,UNK,O,M,eng
n,UNK,UNK,O,M,eng
x,UNK,UNK,O,M,eng
i,UNK,UNK,O,E,eng
SPACE,UNK,UNK,O,S,x
M,UNK,UNK,O,B,eng
e,UNK,UNK,O,M,eng
d,UNK,UNK,O,M,eng
i,UNK,UNK,O,M,eng
c,UNK,UNK,O,M,eng
a,UNK,UNK,O,M,eng
l,UNK,UNK,O,E,eng
SPACE,UNK,UNK,O,S,x
U,UNK,UNK,O,B,eng
n,UNK,UNK,O,M,eng
i,UNK,UNK,O,M,eng
v,UNK,UNK,O,M,eng
e,UNK,UNK,O,M,eng
r,UNK,UNK,O,M,eng
s,UNK,UNK,O,M,eng
i,UNK,UNK,O,M,eng
t,UNK,UNK,O,M,eng
y,UNK,UNK,O,E,eng
",",UNK,UNK,O,S,x
sep,sep,sep,sep,sep,sep
SPACE,UNK,UNK,O,S,x
T,UNK,UNK,O,B,eng
a,UNK,UNK,O,M,eng
i,UNK,UNK,O,M,eng
y,UNK,UNK,O,M,eng
u,UNK,UNK,O,M,eng
a,UNK,UNK,O,M,eng
n,UNK,UNK,O,E,eng
SPACE,UNK,UNK,O,S,x
num,UNK,UNK,O,B,m
num,UNK,UNK,O,M,m
num,UNK,UNK,O,M,m
num,UNK,UNK,O,M,m
num,UNK,UNK,O,M,m
num,UNK,UNK,O,E,m
",",UNK,UNK,O,S,x
sep,sep,sep,sep,sep,sep
SPACE,UNK,UNK,O,S,x
C,UNK,UNK,O,B,eng
h,UNK,UNK,O,M,eng
i,UNK,UNK,O,M,eng
n,UNK,UNK,O,M,eng
a,UNK,UNK,O,E,eng
LB,UNK,UNK,O,S,x
[,UNK,UNK,O,S,x
A,UNK,UNK,O,B,eng
b,UNK,UNK,O,M,eng
s,UNK,UNK,O,M,eng
t,UNK,UNK,O,M,eng
r,UNK,UNK,O,M,eng
a,UNK,UNK,O,M,eng
c,UNK,UNK,O,M,eng
t,UNK,UNK,O,E,eng
],UNK,UNK,O,S,x
SPACE,UNK,UNK,O,S,x
SPACE,UNK,UNK,O,S,x
SPACE,UNK,UNK,O,S,x
O,UNK,UNK,O,B,eng
b,UNK,UNK,O,M,eng
j,UNK,UNK,O,M,eng
e,UNK,UNK,O,M,eng
c,UNK,UNK,O,M,eng
t,UNK,UNK,O,M,eng
i,UNK,UNK,O,M,eng
v,UNK,UNK,O,M,eng
e,UNK,UNK,O,E,eng
SPACE,UNK,UNK,O,S,x
SPACE,UNK,UNK,O,S,x
SPACE,UNK,UNK,O,S,x
T,UNK,UNK,O,B,eng
o,UNK,UNK,O,E,eng
SPACE,UNK,UNK,O,S,x
i,UNK,UNK,O,B,eng
n,UNK,UNK,O,M,eng
v,UNK,UNK,O,M,eng
e,UNK,UNK,O,M,eng
s,UNK,UNK,O,M,eng
t,UNK,UNK,O,M,eng
i,UNK,UNK,O,M,eng
g,UNK,UNK,O,M,eng
a,UNK,UNK,O,M,eng
t,UNK,UNK,O,M,eng
e,UNK,UNK,O,E,eng
SPACE,UNK,UNK,O,S,x
t,UNK,UNK,O,B,eng
h,UNK,UNK,O,M,eng
e,UNK,UNK,O,E,eng
SPACE,UNK,UNK,O,S,x
e,UNK,UNK,O,B,eng
f,UNK,UNK,O,M,eng
f,UNK,UNK,O,M,eng
e,UNK,UNK,O,M,eng
c,UNK,UNK,O,M,eng
t,UNK,UNK,O,M,eng
s,UNK,UNK,O,E,eng
SPACE,UNK,UNK,O,S,x
o,UNK,UNK,O,B,eng
f,UNK,UNK,O,E,eng
SPACE,UNK,UNK,O,S,x
R,UNK,UNK,O,B,eng
N,UNK,UNK,O,M,eng
A,UNK,UNK,O,E,eng
SPACE,UNK,UNK,O,S,x
i,UNK,UNK,O,B,eng
n,UNK,UNK,O,M,eng
t,UNK,UNK,O,M,eng
e,UNK,UNK,O,M,eng
r,UNK,UNK,O,M,eng
f,UNK,UNK,O,M,eng
e,UNK,UNK,O,M,eng
r,UNK,UNK,O,M,eng
e,UNK,UNK,O,M,eng
n,UNK,UNK,O,M,eng
c,UNK,UNK,O,M,eng
e,UNK,UNK,O,E,eng
SPACE,UNK,UNK,O,S,x
(,UNK,UNK,O,S,x
SPACE,UNK,UNK,O,S,x
R,UNK,UNK,O,B,eng
N,UNK,UNK,O,M,eng
A,UNK,UNK,O,M,eng
i,UNK,UNK,O,E,eng
),UNK,UNK,O,S,x
SPACE,UNK,UNK,O,S,x
t,UNK,UNK,O,B,eng
a,UNK,UNK,O,M,eng
r,UNK,UNK,O,M,eng
g,UNK,UNK,O,M,eng
e,UNK,UNK,O,M,eng
t,UNK,UNK,O,M,eng
i,UNK,UNK,O,M,eng
n,UNK,UNK,O,M,eng
g,UNK,UNK,O,E,eng
SPACE,UNK,UNK,O,S,x
a,UNK,UNK,O,B,eng
n,UNK,UNK,O,M,eng
g,UNK,UNK,O,M,eng
i,UNK,UNK,O,M,eng
o,UNK,UNK,O,M,eng
t,UNK,UNK,O,M,eng
e,UNK,UNK,O,M,eng
n,UNK,UNK,O,M,eng
s,UNK,UNK,O,M,eng
i,UNK,UNK,O,M,eng
n,UNK,UNK,O,E,eng
-,UNK,UNK,O,S,x
LB,UNK,UNK,O,S,x
c,UNK,UNK,O,B,eng
o,UNK,UNK,O,M,eng
n,UNK,UNK,O,M,eng
v,UNK,UNK,O,M,eng
e,UNK,UNK,O,M,eng
r,UNK,UNK,O,M,eng
t,UNK,UNK,O,M,eng
i,UNK,UNK,O,M,eng
n,UNK,UNK,O,M,eng
g,UNK,UNK,O,E,eng
SPACE,UNK,UNK,O,S,x
e,UNK,UNK,O,B,eng
n,UNK,UNK,O,M,eng
z,UNK,UNK,O,M,eng
y,UNK,UNK,O,M,eng
m,UNK,UNK,O,M,eng
e,UNK,UNK,O,E,eng
(,UNK,UNK,O,S,x
A,UNK,UNK,O,B,eng
C,UNK,UNK,O,M,eng
E,UNK,UNK,O,E,eng
),UNK,UNK,O,S,x
SPACE,UNK,UNK,O,S,x
o,UNK,UNK,O,B,eng
n,UNK,UNK,O,E,eng
SPACE,UNK,UNK,O,S,x
b,UNK,UNK,O,B,eng
l,UNK,UNK,O,M,eng
o,UNK,UNK,O,M,eng
o,UNK,UNK,O,M,eng
d,UNK,UNK,O,E,eng
SPACE,UNK,UNK,O,S,x
g,UNK,UNK,O,B,eng
l,UNK,UNK,O,M,eng
u,UNK,UNK,O,M,eng
c,UNK,UNK,O,M,eng
o,UNK,UNK,O,M,eng
s,UNK,UNK,O,M,eng
e,UNK,UNK,O,E,eng
",",UNK,UNK,O,S,x
sep,sep,sep,sep,sep,sep
SPACE,UNK,UNK,O,S,x
i,UNK,UNK,O,B,eng
n,UNK,UNK,O,M,eng
s,UNK,UNK,O,M,eng
u,UNK,UNK,O,M,eng
l,UNK,UNK,O,M,eng
i,UNK,UNK,O,M,eng
n,UNK,UNK,O,E,eng
SPACE,UNK,UNK,O,S,x
r,UNK,UNK,O,B,eng
e,UNK,UNK,O,M,eng
s,UNK,UNK,O,M,eng
i,UNK,UNK,O,M,eng
s,UNK,UNK,O,M,eng
t,UNK,UNK,O,M,eng
a,UNK,UNK,O,M,eng
n,UNK,UNK,O,M,eng
c,UNK,UNK,O,M,eng
e,UNK,UNK,O,E,eng
",",UNK,UNK,O,S,x
sep,sep,sep,sep,sep,sep
SPACE,UNK,UNK,O,S,x
a,UNK,UNK,O,B,eng
s,UNK,UNK,O,E,eng
SPACE,UNK,UNK,O,S,x
w,UNK,UNK,O,B,eng
e,UNK,UNK,O,M,eng
l,UNK,UNK,O,M,eng
l,UNK,UNK,O,E,eng
SPACE,UNK,UNK,O,S,x
a,UNK,UNK,O,B,eng
s,UNK,UNK,O,E,eng
SPACE,UNK,UNK,O,S,x
o,UNK,UNK,O,B,eng
x,UNK,UNK,O,M,eng
i,UNK,UNK,O,M,eng
d,UNK,UNK,O,M,eng
a,UNK,UNK,O,M,eng
t,UNK,UNK,O,M,eng
i,UNK,UNK,O,M,eng
v,UNK,UNK,O,M,eng
e,UNK,UNK,O,E,eng
SPACE,UNK,UNK,O,S,x
s,UNK,UNK,O,B,eng
t,UNK,UNK,O,M,eng
r,UNK,UNK,O,M,eng
e,UNK,UNK,O,M,eng
s,UNK,UNK,O,M,eng
s,UNK,UNK,O,E,eng
SPACE,UNK,UNK,O,S,x
i,UNK,UNK,O,B,eng
n,UNK,UNK,O,E,eng
SPACE,UNK,UNK,O,S,x
t,UNK,UNK,O,B,eng
y,UNK,UNK,O,M,eng
p,UNK,UNK,O,M,eng
e,UNK,UNK,O,E,eng
SPACE,UNK,UNK,O,S,x
num,UNK,UNK,O,S,x
SPACE,UNK,UNK,O,S,x
d,UNK,UNK,O,B,eng
i,UNK,UNK,O,M,eng
a,UNK,UNK,O,M,eng
b,UNK,UNK,O,M,eng
e,UNK,UNK,O,M,eng
t,UNK,UNK,O,M,eng
i,UNK,UNK,O,M,eng
c,UNK,UNK,O,E,eng
SPACE,UNK,UNK,O,S,x
r,UNK,UNK,O,B,eng
a,UNK,UNK,O,M,eng
t,UNK,UNK,O,M,eng
s,UNK,UNK,O,E,eng
.,UNK,UNK,O,S,m
sep,sep,sep,sep,sep,sep
LB,UNK,UNK,O,S,x
M,UNK,UNK,O,B,eng
e,UNK,UNK,O,M,eng
t,UNK,UNK,O,M,eng
h,UNK,UNK,O,M,eng
o,UNK,UNK,O,M,eng
d,UNK,UNK,O,M,eng
s,UNK,UNK,O,E,eng
SPACE,UNK,UNK,O,S,x
T,UNK,UNK,O,B,eng
y,UNK,UNK,O,M,eng
p,UNK,UNK,O,M,eng
e,UNK,UNK,O,E,eng
SPACE,UNK,UNK,O,S,x
num,UNK,UNK,O,S,x
SPACE,UNK,UNK,O,S,x
d,UNK,UNK,O,B,eng
i,UNK,UNK,O,M,eng
a,UNK,UNK,O,M,eng
b,UNK,UNK,O,M,eng
e,UNK,UNK,O,M,eng
t,UNK,UNK,O,M,eng
i,UNK,UNK,O,M,eng
c,UNK,UNK,O,E,eng
SPACE,UNK,UNK,O,S,x
r,UNK,UNK,O,B,eng
a,UNK,UNK,O,M,eng
t,UNK,UNK,O,M,eng
s,UNK,UNK,O,E,eng
SPACE,UNK,UNK,O,S,x
w,UNK,UNK,O,B,eng
e,UNK,UNK,O,M,eng
r,UNK,UNK,O,M,eng
e,UNK,UNK,O,E,eng
SPACE,UNK,UNK,O,S,x
d,UNK,UNK,O,B,eng
i,UNK,UNK,O,M,eng
v,UNK,UNK,O,M,eng
i,UNK,UNK,O,M,eng
d,UNK,UNK,O,M,eng
e,UNK,UNK,O,M,eng
d,UNK,UNK,O,E,eng
SPACE,UNK,UNK,O,S,x
i,UNK,UNK,O,B,eng
n,UNK,UNK,O,M,eng
t,UNK,UNK,O,M,eng
o,UNK,UNK,O,E,eng
SPACE,UNK,UNK,O,S,x
d,UNK,UNK,O,B,eng
i,UNK,UNK,O,M,eng
a,UNK,UNK,O,M,eng
b,UNK,UNK,O,M,eng
e,UNK,UNK,O,M,eng
t,UNK,UNK,O,M,eng
e,UNK,UNK,O,M,eng
s,UNK,UNK,O,E,eng
SPACE,UNK,UNK,O,S,x
c,UNK,UNK,O,B,eng
o,UNK,UNK,O,M,eng
n,UNK,UNK,O,M,eng
t,UNK,UNK,O,M,eng
r,UNK,UNK,O,M,eng
o,UNK,UNK,O,M,eng
l,UNK,UNK,O,E,eng
SPACE,UNK,UNK,O,S,x
g,UNK,UNK,O,B,eng
r,UNK,UNK,O,M,eng
o,UNK,UNK,O,M,eng
u,UNK,UNK,O,M,eng
p,UNK,UNK,O,E,eng
(,UNK,UNK,O,S,x
c,UNK,UNK,O,B,eng
a,UNK,UNK,O,M,eng
u,UNK,UNK,O,M,eng
d,UNK,UNK,O,M,eng
a,UNK,UNK,O,M,eng
l,UNK,UNK,O,E,eng
SPACE,UNK,UNK,O,S,x
i,UNK,UNK,O,B,eng
n,UNK,UNK,O,M,eng
t,UNK,UNK,O,M,eng
r,UNK,UNK,O,M,eng
a,UNK,UNK,O,M,eng
v,UNK,UNK,O,M,eng
e,UNK,UNK,O,M,eng
n,UNK,UNK,O,M,eng
a,UNK,UNK,O,M,eng
t,UNK,UNK,O,M,eng
i,UNK,UNK,O,M,eng
o,UNK,UNK,O,M,eng
n,UNK,UNK,O,E,eng
sep,sep,sep,sep,sep,sep
SPACE,UNK,UNK,O,S,x
w,UNK,UNK,O,B,eng
i,UNK,UNK,O,M,eng
t,UNK,UNK,O,M,eng
h,UNK,UNK,O,E,eng
SPACE,UNK,UNK,O,S,x
c,UNK,UNK,O,B,eng
o,UNK,UNK,O,M,eng
n,UNK,UNK,O,M,eng
t,UNK,UNK,O,M,eng
r,UNK,UNK,O,M,eng
o,UNK,UNK,O,M,eng
l,UNK,UNK,O,E,eng
SPACE,UNK,UNK,O,S,x
a,UNK,UNK,O,B,eng
d,UNK,UNK,O,M,eng
e,UNK,UNK,O,M,eng
n,UNK,UNK,O,M,eng
o,UNK,UNK,O,M,eng
v,UNK,UNK,O,M,eng
i,UNK,UNK,O,M,eng
r,UNK,UNK,O,M,eng
u,UNK,UNK,O,M,eng
s,UNK,UNK,O,E,eng
LB,UNK,UNK,O,S,x
n,UNK,UNK,O,B,eng
a,UNK,UNK,O,M,eng
m,UNK,UNK,O,M,eng
e,UNK,UNK,O,M,eng
d,UNK,UNK,O,E,eng
SPACE,UNK,UNK,O,S,x
A,UNK,UNK,O,B,eng
d,UNK,UNK,O,M,eng
num,UNK,UNK,O,E,eng
),UNK,UNK,O,S,x
",",UNK,UNK,O,S,x
sep,sep,sep,sep,sep,sep
SPACE,UNK,UNK,O,S,x
g,UNK,UNK,O,B,eng
e,UNK,UNK,O,M,eng
n,UNK,UNK,O,M,eng
e,UNK,UNK,O,E,eng
SPACE,UNK,UNK,O,S,x
t,UNK,UNK,O,B,eng
r,UNK,UNK,O,M,eng
e,UNK,UNK,O,M,eng
a,UNK,UNK,O,M,eng
t,UNK,UNK,O,M,eng
m,UNK,UNK,O,M,eng
e,UNK,UNK,O,M,eng
n,UNK,UNK,O,M,eng
t,UNK,UNK,O,E,eng
SPACE,UNK,UNK,O,S,x
g,UNK,UNK,O,B,eng
r,UNK,UNK,O,M,eng
o,UNK,UNK,O,M,eng
u,UNK,UNK,O,M,eng
p,UNK,UNK,O,E,eng
SPACE,UNK,UNK,O,S,x
(,UNK,UNK,O,S,x
SPACE,UNK,UNK,O,S,x
c,UNK,UNK,O,B,eng
a,UNK,UNK,O,M,eng
u,UNK,UNK,O,M,eng
d,UNK,UNK,O,M,eng
a,UNK,UNK,O,M,eng
l,UNK,UNK,O,E,eng
SPACE,UNK,UNK,O,S,x
i,UNK,UNK,O,B,eng
n,UNK,UNK,O,M,eng
t,UNK,UNK,O,M,eng
r,UNK,UNK,O,M,eng
a,UNK,UNK,O,M,eng
v,UNK,UNK,O,M,eng
e,UNK,UNK,O,M,eng
n,UNK,UNK,O,M,eng
a,UNK,UNK,O,M,eng
t,UNK,UNK,O,M,eng
i,UNK,UNK,O,M,eng
o,UNK,UNK,O,M,eng
n,UNK,UNK,O,E,eng
sep,sep,sep,sep,sep,sep
SPACE,UNK,UNK,O,S,x
w,UNK,UNK,O,B,eng
i,UNK,UNK,O,M,eng
t,UNK,UNK,O,M,eng
h,UNK,UNK,O,E,eng
SPACE,UNK,UNK,O,S,x
r,UNK,UNK,O,B,eng
e,UNK,UNK,O,M,eng
c,UNK,UNK,O,M,eng
o,UNK,UNK,O,M,eng
m,UNK,UNK,O,M,eng
b,UNK,UNK,O,M,eng
i,UNK,UNK,O,M,eng
n,UNK,UNK,O,M,eng
a,UNK,UNK,O,M,eng
n,UNK,UNK,O,M,eng
t,UNK,UNK,O,E,eng
SPACE,UNK,UNK,O,S,x
a,UNK,UNK,O,B,eng
d,UNK,UNK,O,M,eng
e,UNK,UNK,O,M,eng
n,UNK,UNK,O,M,eng
o,UNK,UNK,O,M,eng
v,UNK,UNK,O,M,eng
i,UNK,UNK,O,M,eng
r,UNK,UNK,O,M,eng
a,UNK,UNK,O,M,eng
l,UNK,UNK,O,E,eng
SPACE,UNK,UNK,O,S,x
v,UNK,UNK,O,B,eng
e,UNK,UNK,O,M,eng
c,UNK,UNK,O,M,eng
t,UNK,UNK,O,M,eng
o,UNK,UNK,O,M,eng
r,UNK,UNK,O,M,eng
s,UNK,UNK,O,E,eng
SPACE,UNK,UNK,O,S,x
n,UNK,UNK,O,B,eng
a,UNK,UNK,O,M,eng
m,UNK,UNK,O,M,eng
e,UNK,UNK,O,M,eng
d,UNK,UNK,O,E,eng
SPACE,UNK,UNK,O,S,x
A,UNK,UNK,O,B,eng
d,UNK,UNK,O,M,eng
num,UNK,UNK,O,E,eng
-,UNK,UNK,O,S,x
A,UNK,UNK,O,B,eng
C,UNK,UNK,O,M,eng
E,UNK,UNK,O,E,eng
-,UNK,UNK,O,S,x
LB,UNK,UNK,O,S,x
s,UNK,UNK,O,B,eng
h,UNK,UNK,O,M,eng
R,UNK,UNK,O,M,eng
N,UNK,UNK,O,M,eng
A,UNK,UNK,O,E,eng
",",UNK,UNK,O,S,x
sep,sep,sep,sep,sep,sep
SPACE,UNK,UNK,O,S,x
e,UNK,UNK,O,B,eng
x,UNK,UNK,O,M,eng
p,UNK,UNK,O,M,eng
r,UNK,UNK,O,M,eng
e,UNK,UNK,O,M,eng
s,UNK,UNK,O,M,eng
s,UNK,UNK,O,M,eng
i,UNK,UNK,O,M,eng
n,UNK,UNK,O,M,eng
g,UNK,UNK,O,E,eng
SPACE,UNK,UNK,O,S,x
A,UNK,UNK,O,B,eng
C,UNK,UNK,O,M,eng
E,UNK,UNK,O,E,eng
SPACE,UNK,UNK,O,S,x
g,UNK,UNK,O,B,eng
e,UNK,UNK,O,M,eng
n,UNK,UNK,O,M,eng
e,UNK,UNK,O,E,eng
-,UNK,UNK,O,S,x
s,UNK,UNK,O,B,eng
p,UNK,UNK,O,M,eng
e,UNK,UNK,O,M,eng
c,UNK,UNK,O,M,eng
i,UNK,UNK,O,M,eng
f,UNK,UNK,O,M,eng
i,UNK,UNK,O,M,eng
c,UNK,UNK,O,E,eng
SPACE,UNK,UNK,O,S,x
s,UNK,UNK,O,B,eng
h,UNK,UNK,O,M,eng
R,UNK,UNK,O,M,eng
N,UNK,UNK,O,M,eng
A,UNK,UNK,O,E,eng
),UNK,UNK,O,S,x
",",UNK,UNK,O,S,x
sep,sep,sep,sep,sep,sep
SPACE,UNK,UNK,O,S,x
a,UNK,UNK,O,B,eng
n,UNK,UNK,O,M,eng
d,UNK,UNK,O,E,eng
SPACE,UNK,UNK,O,S,x
e,UNK,UNK,O,B,eng
n,UNK,UNK,O,M,eng
a,UNK,UNK,O,M,eng
l,UNK,UNK,O,M,eng
a,UNK,UNK,O,M,eng
p,UNK,UNK,O,M,eng
r,UNK,UNK,O,M,eng
i,UNK,UNK,O,M,eng
l,UNK,UNK,O,E,eng
SPACE,UNK,UNK,O,S,x
g,UNK,UNK,O,B,eng
r,UNK,UNK,O,M,eng
o,UNK,UNK,O,M,eng
u,UNK,UNK,O,M,eng
p,UNK,UNK,O,E,eng
(,UNK,UNK,O,S,x
i,UNK,UNK,O,B,eng
n,UNK,UNK,O,M,eng
t,UNK,UNK,O,M,eng
r,UNK,UNK,O,M,eng
a,UNK,UNK,O,M,eng
g,UNK,UNK,O,M,eng
a,UNK,UNK,O,M,eng
s,UNK,UNK,O,M,eng
t,UNK,UNK,O,M,eng
r,UNK,UNK,O,M,eng
i,UNK,UNK,O,M,eng
c,UNK,UNK,O,E,eng
SPACE,UNK,UNK,O,S,x
a,UNK,UNK,O,B,eng
d,UNK,UNK,O,M,eng
m,UNK,UNK,O,M,eng
i,UNK,UNK,O,M,eng
n,UNK,UNK,O,M,eng
i,UNK,UNK,O,M,eng
s,UNK,UNK,O,M,eng
t,UNK,UNK,O,M,eng
r,UNK,UNK,O,M,eng
a,UNK,UNK,O,M,eng
t,UNK,UNK,O,M,eng
i,UNK,UNK,O,M,eng
o,UNK,UNK,O,M,eng
n,UNK,UNK,O,E,eng
sep,sep,sep,sep,sep,sep
SPACE,UNK,UNK,O,S,x
w,UNK,UNK,O,B,eng
i,UNK,UNK,O,M,eng
t,UNK,UNK,O,M,eng
h,UNK,UNK,O,E,eng
SPACE,UNK,UNK,O,S,x
e,UNK,UNK,O,B,eng
n,UNK,UNK,O,M,eng
a,UNK,UNK,O,M,eng
l,UNK,UNK,O,M,eng
a,UNK,UNK,O,M,eng
p,UNK,UNK,O,M,eng
r,UNK,UNK,O,M,eng
i,UNK,UNK,O,M,eng
l,UNK,UNK,O,E,eng
SPACE,UNK,UNK,O,S,x
e,UNK,UNK,O,B,eng
v,UNK,UNK,O,M,eng
e,UNK,UNK,O,M,eng
r,UNK,UNK,O,M,eng
y,UNK,UNK,O,E,eng
LB,UNK,UNK,O,S,x
d,UNK,UNK,O,B,eng
a,UNK,UNK,O,M,eng
y,UNK,UNK,O,E,eng
),UNK,UNK,O,S,x
SPACE,UNK,UNK,O,S,x
.,UNK,UNK,O,S,x
sep,sep,sep,sep,sep,sep
SPACE,UNK,UNK,O,S,x
A,UNK,UNK,O,B,eng
t,UNK,UNK,O,E,eng
SPACE,UNK,UNK,O,S,x
t,UNK,UNK,O,B,eng
h,UNK,UNK,O,M,eng
e,UNK,UNK,O,E,eng
SPACE,UNK,UNK,O,S,x
s,UNK,UNK,O,B,eng
a,UNK,UNK,O,M,eng
m,UNK,UNK,O,M,eng
e,UNK,UNK,O,E,eng
SPACE,UNK,UNK,O,S,x
t,UNK,UNK,O,B,eng
i,UNK,UNK,O,M,eng
m,UNK,UNK,O,M,eng
e,UNK,UNK,O,E,eng
",",UNK,UNK,O,S,x
sep,sep,sep,sep,sep,sep
SPACE,UNK,UNK,O,S,x
t,UNK,UNK,O,B,eng
h,UNK,UNK,O,M,eng
e,UNK,UNK,O,E,eng
SPACE,UNK,UNK,O,S,x
n,UNK,UNK,O,B,eng
o,UNK,UNK,O,M,eng
r,UNK,UNK,O,M,eng
m,UNK,UNK,O,M,eng
a,UNK,UNK,O,M,eng
l,UNK,UNK,O,E,eng
SPACE,UNK,UNK,O,S,x
b,UNK,UNK,O,B,eng
l,UNK,UNK,O,M,eng
o,UNK,UNK,O,M,eng
o,UNK,UNK,O,M,eng
d,UNK,UNK,O,E,eng
SPACE,UNK,UNK,O,S,x
g,UNK,UNK,O,B,eng
l,UNK,UNK,O,M,eng
u,UNK,UNK,O,M,eng
c,UNK,UNK,O,M,eng
o,UNK,UNK,O,M,eng
s,UNK,UNK,O,M,eng
e,UNK,UNK,O,E,eng
SPACE,UNK,UNK,O,S,x
c,UNK,UNK,O,B,eng
o,UNK,UNK,O,M,eng
n,UNK,UNK,O,M,eng
t,UNK,UNK,O,M,eng
r,UNK,UNK,O,M,eng
o,UNK,UNK,O,M,eng
l,UNK,UNK,O,E,eng
SPACE,UNK,UNK,O,S,x
g,UNK,UNK,O,B,eng
r,UNK,UNK,O,M,eng
o,UNK,UNK,O,M,eng
u,UNK,UNK,O,M,eng
p,UNK,UNK,O,E,eng
SPACE,UNK,UNK,O,S,x
w,UNK,UNK,O,B,eng
a,UNK,UNK,O,M,eng
s,UNK,UNK,O,E,eng
SPACE,UNK,UNK,O,S,x
s,UNK,UNK,O,B,eng
e,UNK,UNK,O,M,eng
t,UNK,UNK,O,E,eng
SPACE,UNK,UNK,O,S,x
u,UNK,UNK,O,B,eng
p,UNK,UNK,O,E,eng
.,UNK,UNK,O,S,m
sep,sep,sep,sep,sep,sep
SPACE,UNK,UNK,O,S,x
A,UNK,UNK,O,B,eng
l,UNK,UNK,O,M,eng
l,UNK,UNK,O,E,eng
SPACE,UNK,UNK,O,S,x
r,UNK,UNK,O,B,eng
a,UNK,UNK,O,M,eng
t,UNK,UNK,O,M,eng
s,UNK,UNK,O,E,eng
SPACE,UNK,UNK,O,S,x
w,UNK,UNK,O,B,eng
e,UNK,UNK,O,M,eng
r,UNK,UNK,O,M,eng
e,UNK,UNK,O,E,eng
SPACE,UNK,UNK,O,S,x
i,UNK,UNK,O,B,eng
n,UNK,UNK,O,M,eng
j,UNK,UNK,O,M,eng
e,UNK,UNK,O,M,eng
c,UNK,UNK,O,M,eng
t,UNK,UNK,O,M,eng
e,UNK,UNK,O,M,eng
d,UNK,UNK,O,E,eng
SPACE,UNK,UNK,O,S,x
t,UNK,UNK,O,B,eng
w,UNK,UNK,O,M,eng
o,UNK,UNK,O,E,eng
SPACE,UNK,UNK,O,S,x
t,UNK,UNK,O,B,eng
i,UNK,UNK,O,M,eng
m,UNK,UNK,O,M,eng
e,UNK,UNK,O,M,eng
s,UNK,UNK,O,E,eng
SPACE,UNK,UNK,O,S,x
d,UNK,UNK,O,B,eng
u,UNK,UNK,O,M,eng
r,UNK,UNK,O,M,eng
i,UNK,UNK,O,M,eng
n,UNK,UNK,O,M,eng
g,UNK,UNK,O,E,eng
SPACE,UNK,UNK,O,S,x
t,UNK,UNK,O,B,eng
h,UNK,UNK,O,M,eng
e,UNK,UNK,O,E,eng
LB,UNK,UNK,O,S,x
e,UNK,UNK,O,B,eng
x,UNK,UNK,O,M,eng
p,UNK,UNK,O,M,eng
e,UNK,UNK,O,M,eng
r,UNK,UNK,O,M,eng
i,UNK,UNK,O,M,eng
m,UNK,UNK,O,M,eng
e,UNK,UNK,O,M,eng
n,UNK,UNK,O,M,eng
t,UNK,UNK,O,E,eng
SPACE,UNK,UNK,O,S,x
p,UNK,UNK,O,B,eng
e,UNK,UNK,O,M,eng
r,UNK,UNK,O,M,eng
i,UNK,UNK,O,M,eng
o,UNK,UNK,O,M,eng
d,UNK,UNK,O,E,eng
.,UNK,UNK,O,S,m
sep,sep,sep,sep,sep,sep
SPACE,UNK,UNK,O,S,x
B,UNK,UNK,O,B,eng
l,UNK,UNK,O,M,eng
o,UNK,UNK,O,M,eng
o,UNK,UNK,O,M,eng
d,UNK,UNK,O,E,eng
SPACE,UNK,UNK,O,S,x
g,UNK,UNK,O,B,eng
l,UNK,UNK,O,M,eng
u,UNK,UNK,O,M,eng
c,UNK,UNK,O,M,eng
o,UNK,UNK,O,M,eng
s,UNK,UNK,O,M,eng
e,UNK,UNK,O,E,eng
SPACE,UNK,UNK,O,S,x
w,UNK,UNK,O,B,eng
a,UNK,UNK,O,M,eng
s,UNK,UNK,O,E,eng
SPACE,UNK,UNK,O,S,x
m,UNK,UNK,O,B,eng
e,UNK,UNK,O,M,eng
a,UNK,UNK,O,M,eng
s,UNK,UNK,O,M,eng
u,UNK,UNK,O,M,eng
r,UNK,UNK,O,M,eng
e,UNK,UNK,O,M,eng
d,UNK,UNK,O,E,eng
SPACE,UNK,UNK,O,S,x
b,UNK,UNK,O,B,eng
e,UNK,UNK,O,M,eng
f,UNK,UNK,O,M,eng
o,UNK,UNK,O,M,eng
r,UNK,UNK,O,M,eng
e,UNK,UNK,O,E,eng
sep,sep,sep,sep,sep,sep
SPACE,UNK,UNK,O,S,x
a,UNK,UNK,O,B,eng
n,UNK,UNK,O,M,eng
d,UNK,UNK,O,E,eng
SPACE,UNK,UNK,O,S,x
a,UNK,UNK,O,B,eng
f,UNK,UNK,O,M,eng
t,UNK,UNK,O,M,eng
e,UNK,UNK,O,M,eng
r,UNK,UNK,O,E,eng
SPACE,UNK,UNK,O,S,x
t,UNK,UNK,O,B,eng
h,UNK,UNK,O,M,eng
e,UNK,UNK,O,E,eng
SPACE,UNK,UNK,O,S,x
i,UNK,UNK,O,B,eng
n,UNK,UNK,O,M,eng
t,UNK,UNK,O,M,eng
e,UNK,UNK,O,M,eng
r,UNK,UNK,O,M,eng
v,UNK,UNK,O,M,eng
e,UNK,UNK,O,M,eng
n,UNK,UNK,O,M,eng
t,UNK,UNK,O,M,eng
i,UNK,UNK,O,M,eng
o,UNK,UNK,O,M,eng
n,UNK,UNK,O,E,eng
.,UNK,UNK,O,S,m
sep,sep,sep,sep,sep,sep
SPACE,UNK,UNK,O,S,x
A,UNK,UNK,O,B,eng
t,UNK,UNK,O,E,eng
SPACE,UNK,UNK,O,S,x
t,UNK,UNK,O,B,eng
h,UNK,UNK,O,M,eng
e,UNK,UNK,O,E,eng
SPACE,UNK,UNK,O,S,x
t,UNK,UNK,O,B,eng
h,UNK,UNK,O,M,eng
i,UNK,UNK,O,M,eng
r,UNK,UNK,O,M,eng
d,UNK,UNK,O,E,eng
SPACE,UNK,UNK,O,S,x
d,UNK,UNK,O,B,eng
a,UNK,UNK,O,M,eng
y,UNK,UNK,O,E,eng
SPACE,UNK,UNK,O,S,x
o,UNK,UNK,O,B,eng
f,UNK,UNK,O,E,eng
SPACE,UNK,UNK,O,S,x
t,UNK,UNK,O,B,eng
h,UNK,UNK,O,M,eng
e,UNK,UNK,O,E,eng
SPACE,UNK,UNK,O,S,x
e,UNK,UNK,O,B,eng
x,UNK,UNK,O,M,eng
p,UNK,UNK,O,M,eng
e,UNK,UNK,O,M,eng
r,UNK,UNK,O,M,eng
i,UNK,UNK,O,M,eng
m,UNK,UNK,O,M,eng
e,UNK,UNK,O,M,eng
n,UNK,UNK,O,M,eng
t,UNK,UNK,O,E,eng
",",UNK,UNK,O,S,x
sep,sep,sep,sep,sep,sep
LB,UNK,UNK,O,S,x
e,UNK,UNK,O,B,eng
x,UNK,UNK,O,M,eng
p,UNK,UNK,O,M,eng
r,UNK,UNK,O,M,eng
e,UNK,UNK,O,M,eng
s,UNK,UNK,O,M,eng
s,UNK,UNK,O,M,eng
i,UNK,UNK,O,M,eng
o,UNK,UNK,O,M,eng
n,UNK,UNK,O,M,eng
s,UNK,UNK,O,E,eng
SPACE,UNK,UNK,O,S,x
o,UNK,UNK,O,B,eng
f,UNK,UNK,O,E,eng
SPACE,UNK,UNK,O,S,x
A,UNK,UNK,O,B,eng
C,UNK,UNK,O,M,eng
E,UNK,UNK,O,E,eng
SPACE,UNK,UNK,O,S,x
m,UNK,UNK,O,B,eng
R,UNK,UNK,O,M,eng
N,UNK,UNK,O,M,eng
A,UNK,UNK,O,E,eng
sep,sep,sep,sep,sep,sep
SPACE,UNK,UNK,O,S,x
a,UNK,UNK,O,B,eng
n,UNK,UNK,O,M,eng
d,UNK,UNK,O,E,eng
SPACE,UNK,UNK,O,S,x
p,UNK,UNK,O,B,eng
r,UNK,UNK,O,M,eng
o,UNK,UNK,O,M,eng
t,UNK,UNK,O,M,eng
e,UNK,UNK,O,M,eng
i,UNK,UNK,O,M,eng
n,UNK,UNK,O,E,eng
SPACE,UNK,UNK,O,S,x
i,UNK,UNK,O,B,eng
n,UNK,UNK,O,E,eng
SPACE,UNK,UNK,O,S,x
p,UNK,UNK,O,B,eng
a,UNK,UNK,O,M,eng
n,UNK,UNK,O,M,eng
c,UNK,UNK,O,M,eng
r,UNK,UNK,O,M,eng
e,UNK,UNK,O,M,eng
a,UNK,UNK,O,M,eng
s,UNK,UNK,O,E,eng
SPACE,UNK,UNK,O,S,x
w,UNK,UNK,O,B,eng
e,UNK,UNK,O,M,eng
r,UNK,UNK,O,M,eng
e,UNK,UNK,O,E,eng
SPACE,UNK,UNK,O,S,x
e,UNK,UNK,O,B,eng
v,UNK,UNK,O,M,eng
a,UNK,UNK,O,M,eng
l,UNK,UNK,O,M,eng
u,UNK,UNK,O,M,eng
a,UNK,UNK,O,M,eng
t,UNK,UNK,O,M,eng
e,UNK,UNK,O,M,eng
d,UNK,UNK,O,E,eng
sep,sep,sep,sep,sep,sep
SPACE,UNK,UNK,O,S,x
b,UNK,UNK,O,B,eng
y,UNK,UNK,O,E,eng
SPACE,UNK,UNK,O,S,x
R,UNK,UNK,O,B,eng
T,UNK,UNK,O,E,eng
-,UNK,UNK,O,S,x
P,UNK,UNK,O,B,eng
C,UNK,UNK,O,M,eng
R,UNK,UNK,O,E,eng
SPACE,UNK,UNK,O,S,x
a,UNK,UNK,O,B,eng
n,UNK,UNK,O,M,eng
d,UNK,UNK,O,E,eng
SPACE,UNK,UNK,O,S,x
W,UNK,UNK,O,B,eng
e,UNK,UNK,O,M,eng
s,UNK,UNK,O,M,eng
t,UNK,UNK,O,M,eng
e,UNK,UNK,O,M,eng
r,UNK,UNK,O,M,eng
n,UNK,UNK,O,E,eng
SPACE,UNK,UNK,O,S,x
b,UNK,UNK,O,B,eng
l,UNK,UNK,O,M,eng
o,UNK,UNK,O,M,eng
t,UNK,UNK,O,E,eng
",",UNK,UNK,O,S,x
sep,sep,sep,sep,sep,sep
SPACE,UNK,UNK,O,S,x
a,UNK,UNK,O,B,eng
n,UNK,UNK,O,M,eng
d,UNK,UNK,O,E,eng
SPACE,UNK,UNK,O,S,x
s,UNK,UNK,O,B,eng
e,UNK,UNK,O,M,eng
r,UNK,UNK,O,M,eng
u,UNK,UNK,O,M,eng
m,UNK,UNK,O,E,eng
LB,UNK,UNK,O,S,x
c,UNK,UNK,O,B,eng
o,UNK,UNK,O,M,eng
n,UNK,UNK,O,M,eng
c,UNK,UNK,O,M,eng
e,UNK,UNK,O,M,eng
n,UNK,UNK,O,M,eng
t,UNK,UNK,O,M,eng
r,UNK,UNK,O,M,eng
a,UNK,UNK,O,M,eng
t,UNK,UNK,O,M,eng
i,UNK,UNK,O,M,eng
o,UNK,UNK,O,M,eng
n,UNK,UNK,O,M,eng
s,UNK,UNK,O,E,eng
SPACE,UNK,UNK,O,S,x
o,UNK,UNK,O,B,eng
f,UNK,UNK,O,E,eng
SPACE,UNK,UNK,O,S,x
A,UNK,UNK,O,B,eng
C,UNK,UNK,O,M,eng
E,UNK,UNK,O,E,eng
sep,sep,sep,sep,sep,sep
SPACE,UNK,UNK,O,S,x
a,UNK,UNK,O,B,eng
n,UNK,UNK,O,M,eng
d,UNK,UNK,O,E,eng
SPACE,UNK,UNK,O,S,x
A,UNK,UNK,O,B,eng
n,UNK,UNK,O,M,eng
g,UNK,UNK,O,E,eng
SPACE,UNK,UNK,O,S,x
num,UNK,UNK,O,S,x
SPACE,UNK,UNK,O,S,x
w,UNK,UNK,O,B,eng
e,UNK,UNK,O,M,eng
r,UNK,UNK,O,M,eng
e,UNK,UNK,O,E,eng
SPACE,UNK,UNK,O,S,x
m,UNK,UNK,O,B,eng
e,UNK,UNK,O,M,eng
a,UNK,UNK,O,M,eng
s,UNK,UNK,O,M,eng
u,UNK,UNK,O,M,eng
r,UNK,UNK,O,M,eng
e,UNK,UNK,O,M,eng
d,UNK,UNK,O,E,eng
sep,sep,sep,sep,sep,sep
SPACE,UNK,UNK,O,S,x
b,UNK,UNK,O,B,eng
y,UNK,UNK,O,E,eng
SPACE,UNK,UNK,O,S,x
E,UNK,UNK,O,B,eng
L,UNK,UNK,O,M,eng
I,UNK,UNK,O,M,eng
S,UNK,UNK,O,M,eng
A,UNK,UNK,O,E,eng
.,UNK,UNK,O,S,m
SPACE,UNK,UNK,O,S,x
B,UNK,UNK,O,B,eng
y,UNK,UNK,O,E,eng
SPACE,UNK,UNK,O,S,x
t,UNK,UNK,O,B,eng
h,UNK,UNK,O,M,eng
e,UNK,UNK,O,E,eng
SPACE,UNK,UNK,O,S,x
e,UNK,UNK,O,B,eng
n,UNK,UNK,O,M,eng
d,UNK,UNK,O,E,eng
SPACE,UNK,UNK,O,S,x
o,UNK,UNK,O,B,eng
f,UNK,UNK,O,E,eng
SPACE,UNK,UNK,O,S,x
t,UNK,UNK,O,B,eng
h,UNK,UNK,O,M,eng
e,UNK,UNK,O,E,eng
SPACE,UNK,UNK,O,S,x
e,UNK,UNK,O,B,eng
x,UNK,UNK,O,M,eng
p,UNK,UNK,O,M,eng
e,UNK,UNK,O,M,eng
r,UNK,UNK,O,M,eng
i,UNK,UNK,O,M,eng
m,UNK,UNK,O,M,eng
e,UNK,UNK,O,M,eng
n,UNK,UNK,O,M,eng
t,UNK,UNK,O,E,eng
",",UNK,UNK,O,S,x
sep,sep,sep,sep,sep,sep
SPACE,UNK,UNK,O,S,x
i,UNK,UNK,O,B,eng
n,UNK,UNK,O,M,eng
s,UNK,UNK,O,M,eng
u,UNK,UNK,O,M,eng
l,UNK,UNK,O,M,eng
i,UNK,UNK,O,M,eng
n,UNK,UNK,O,E,eng
SPACE,UNK,UNK,O,S,x
s,UNK,UNK,O,B,eng
e,UNK,UNK,O,M,eng
n,UNK,UNK,O,M,eng
s,UNK,UNK,O,M,eng
i,UNK,UNK,O,M,eng
t,UNK,UNK,O,M,eng
i,UNK,UNK,O,M,eng
v,UNK,UNK,O,M,eng
i,UNK,UNK,O,M,eng
t,UNK,UNK,O,M,eng
y,UNK,UNK,O,E,eng
SPACE,UNK,UNK,O,S,x
i,UNK,UNK,O,B,eng
n,UNK,UNK,O,M,eng
d,UNK,UNK,O,M,eng
e,UNK,UNK,O,M,eng
x,UNK,UNK,O,E,eng
LB,UNK,UNK,O,S,x
w,UNK,UNK,O,B,eng
a,UNK,UNK,O,M,eng
s,UNK,UNK,O,E,eng
SPACE,UNK,UNK,O,S,x
c,UNK,UNK,O,B,eng
a,UNK,UNK,O,M,eng
l,UNK,UNK,O,M,eng
c,UNK,UNK,O,M,eng
u,UNK,UNK,O,M,eng
l,UNK,UNK,O,M,eng
a,UNK,UNK,O,M,eng
t,UNK,UNK,O,M,eng
e,UNK,UNK,O,M,eng
d,UNK,UNK,O,E,eng
sep,sep,sep,sep,sep,sep
SPACE,UNK,UNK,O,S,x
a,UNK,UNK,O,B,eng
n,UNK,UNK,O,M,eng
d,UNK,UNK,O,E,eng
SPACE,UNK,UNK,O,S,x
e,UNK,UNK,O,B,eng
x,UNK,UNK,O,M,eng
p,UNK,UNK,O,M,eng
r,UNK,UNK,O,M,eng
e,UNK,UNK,O,M,eng
s,UNK,UNK,O,M,eng
s,UNK,UNK,O,M,eng
i,UNK,UNK,O,M,eng
o,UNK,UNK,O,M,eng
n,UNK,UNK,O,M,eng
s,UNK,UNK,O,E,eng
SPACE,UNK,UNK,O,S,x
o,UNK,UNK,O,B,eng
f,UNK,UNK,O,E,eng
SPACE,UNK,UNK,O,S,x
g,UNK,UNK,O,B,eng
l,UNK,UNK,O,M,eng
u,UNK,UNK,O,M,eng
c,UNK,UNK,O,M,eng
o,UNK,UNK,O,M,eng
s,UNK,UNK,O,M,eng
e,UNK,UNK,O,E,eng
SPACE,UNK,UNK,O,S,x
t,UNK,UNK,O,B,eng
r,UNK,UNK,O,M,eng
a,UNK,UNK,O,M,eng
n,UNK,UNK,O,M,eng
s,UNK,UNK,O,M,eng
p,UNK,UNK,O,M,eng
o,UNK,UNK,O,M,eng
r,UNK,UNK,O,M,eng
t,UNK,UNK,O,M,eng
e,UNK,UNK,O,M,eng
r,UNK,UNK,O,E,eng
SPACE,UNK,UNK,O,S,x
num,UNK,UNK,O,S,x
SPACE,UNK,UNK,O,S,x
(,UNK,UNK,O,S,x
G,UNK,UNK,O,B,eng
L,UNK,UNK,O,M,eng
U,UNK,UNK,O,M,eng
T,UNK,UNK,O,M,eng
num,UNK,UNK,O,E,eng
),UNK,UNK,O,S,x
SPACE,UNK,UNK,O,S,x
p,UNK,UNK,O,B,eng
r,UNK,UNK,O,M,eng
o,UNK,UNK,O,M,eng
t,UNK,UNK,O,M,eng
e,UNK,UNK,O,M,eng
i,UNK,UNK,O,M,eng
n,UNK,UNK,O,E,eng
SPACE,UNK,UNK,O,S,x
o,UNK,UNK,O,B,eng
f,UNK,UNK,O,E,eng
SPACE,UNK,UNK,O,S,x
e,UNK,UNK,O,B,eng
p,UNK,UNK,O,M,eng
i,UNK,UNK,O,M,eng
d,UNK,UNK,O,M,eng
i,UNK,UNK,O,M,eng
d,UNK,UNK,O,M,eng
y,UNK,UNK,O,M,eng
m,UNK,UNK,O,M,eng
a,UNK,UNK,O,M,eng
l,UNK,UNK,O,E,eng
SPACE,UNK,UNK,O,S,x
a,UNK,UNK,O,B,eng
d,UNK,UNK,O,M,eng
i,UNK,UNK,O,M,eng
p,UNK,UNK,O,M,eng
o,UNK,UNK,O,M,eng
s,UNK,UNK,O,M,eng
e,UNK,UNK,O,E,eng
SPACE,UNK,UNK,O,S,x
t,UNK,UNK,O,B,eng
i,UNK,UNK,O,M,eng
s,UNK,UNK,O,M,eng
s,UNK,UNK,O,M,eng
u,UNK,UNK,O,M,eng
e,UNK,UNK,O,E,eng
sep,sep,sep,sep,sep,sep
SPACE,UNK,UNK,O,S,x
a,UNK,UNK,O,B,eng
n,UNK,UNK,O,M,eng
d,UNK,UNK,O,E,eng
SPACE,UNK,UNK,O,S,x
N,UNK,UNK,O,B,eng
A,UNK,UNK,O,M,eng
D,UNK,UNK,O,E,eng
(,UNK,UNK,O,S,x
P,UNK,UNK,O,S,x
),UNK,UNK,O,S,x
H,UNK,UNK,O,S,x
LB,UNK,UNK,O,S,x
(,UNK,UNK,O,S,x
p,UNK,UNK,O,B,eng
num,UNK,UNK,O,M,eng
num,UNK,UNK,O,M,eng
p,UNK,UNK,O,M,eng
h,UNK,UNK,O,M,eng
o,UNK,UNK,O,M,eng
x,UNK,UNK,O,E,eng
),UNK,UNK,O,S,x
SPACE,UNK,UNK,O,S,x
p,UNK,UNK,O,B,eng
r,UNK,UNK,O,M,eng
o,UNK,UNK,O,M,eng
t,UNK,UNK,O,M,eng
e,UNK,UNK,O,M,eng
i,UNK,UNK,O,M,eng
n,UNK,UNK,O,E,eng
SPACE,UNK,UNK,O,S,x
o,UNK,UNK,O,B,eng
f,UNK,UNK,O,E,eng
SPACE,UNK,UNK,O,S,x
p,UNK,UNK,O,B,eng
a,UNK,UNK,O,M,eng
n,UNK,UNK,O,M,eng
c,UNK,UNK,O,M,eng
r,UNK,UNK,O,M,eng
e,UNK,UNK,O,M,eng
a,UNK,UNK,O,M,eng
s,UNK,UNK,O,E,eng
SPACE,UNK,UNK,O,S,x
w,UNK,UNK,O,B,eng
e,UNK,UNK,O,M,eng
r,UNK,UNK,O,M,eng
e,UNK,UNK,O,E,eng
SPACE,UNK,UNK,O,S,x
m,UNK,UNK,O,B,eng
e,UNK,UNK,O,M,eng
a,UNK,UNK,O,M,eng
s,UNK,UNK,O,M,eng
u,UNK,UNK,O,M,eng
r,UNK,UNK,O,M,eng
e,UNK,UNK,O,M,eng
d,UNK,UNK,O,E,eng
.,UNK,UNK,O,S,m
sep,sep,sep,sep,sep,sep
SPACE,UNK,UNK,O,S,x
R,UNK,UNK,O,B,eng
e,UNK,UNK,O,M,eng
s,UNK,UNK,O,M,eng
u,UNK,UNK,O,M,eng
l,UNK,UNK,O,M,eng
t,UNK,UNK,O,M,eng
s,UNK,UNK,O,E,eng
SPACE,UNK,UNK,O,S,x
B,UNK,UNK,O,B,eng
l,UNK,UNK,O,M,eng
o,UNK,UNK,O,M,eng
o,UNK,UNK,O,M,eng
d,UNK,UNK,O,E,eng
SPACE,UNK,UNK,O,S,x
g,UNK,UNK,O,B,eng
l,UNK,UNK,O,M,eng
u,UNK,UNK,O,M,eng
c,UNK,UNK,O,M,eng
o,UNK,UNK,O,M,eng
s,UNK,UNK,O,M,eng
e,UNK,UNK,O,E,eng
SPACE,UNK,UNK,O,S,x
l,UNK,UNK,O,B,eng
e,UNK,UNK,O,M,eng
v,UNK,UNK,O,M,eng
e,UNK,UNK,O,M,eng
l,UNK,UNK,O,M,eng
s,UNK,UNK,O,E,eng
SPACE,UNK,UNK,O,S,x
i,UNK,UNK,O,B,eng
n,UNK,UNK,O,E,eng
SPACE,UNK,UNK,O,S,x
t,UNK,UNK,O,B,eng
h,UNK,UNK,O,M,eng
e,UNK,UNK,O,E,eng
SPACE,UNK,UNK,O,S,x
g,UNK,UNK,O,B,eng
e,UNK,UNK,O,M,eng
n,UNK,UNK,O,M,eng
e,UNK,UNK,O,E,eng
SPACE,UNK,UNK,O,S,x
t,UNK,UNK,O,B,eng
r,UNK,UNK,O,M,eng
e,UNK,UNK,O,M,eng
a,UNK,UNK,O,M,eng
t,UNK,UNK,O,M,eng
m,UNK,UNK,O,M,eng
e,UNK,UNK,O,M,eng
n,UNK,UNK,O,M,eng
t,UNK,UNK,O,E,eng
SPACE,UNK,UNK,O,S,x
g,UNK,UNK,O,B,eng
r,UNK,UNK,O,M,eng
o,UNK,UNK,O,M,eng
u,UNK,UNK,O,M,eng
p,UNK,UNK,O,E,eng
[,UNK,UNK,O,S,x
(,UNK,UNK,O,S,x
num,UNK,UNK,O,B,m
num,UNK,UNK,O,M,m
.,UNK,UNK,O,E,m
SPACE,UNK,UNK,O,S,x
num,UNK,UNK,O,S,x
SPACE,UNK,UNK,O,S,x
±,UNK,UNK,O,S,x
LB,UNK,UNK,O,S,x
num,UNK,UNK,O,B,m
.,UNK,UNK,O,E,m
SPACE,UNK,UNK,O,S,x
num,UNK,UNK,O,S,x
),UNK,UNK,O,S,x
m,UNK,UNK,O,B,eng
m,UNK,UNK,O,M,eng
o,UNK,UNK,O,M,eng
l,UNK,UNK,O,E,eng
SPACE,UNK,UNK,O,S,x
/,UNK,UNK,O,S,x
SPACE,UNK,UNK,O,S,x
L,UNK,UNK,O,S,x
],UNK,UNK,O,S,x
sep,sep,sep,sep,sep,sep
SPACE,UNK,UNK,O,S,x
a,UNK,UNK,O,B,eng
n,UNK,UNK,O,M,eng
d,UNK,UNK,O,E,eng
SPACE,UNK,UNK,O,S,x
t,UNK,UNK,O,B,eng
h,UNK,UNK,O,M,eng
e,UNK,UNK,O,E,eng
SPACE,UNK,UNK,O,S,x
e,UNK,UNK,O,B,eng
n,UNK,UNK,O,M,eng
a,UNK,UNK,O,M,eng
l,UNK,UNK,O,M,eng
a,UNK,UNK,O,M,eng
p,UNK,UNK,O,M,eng
r,UNK,UNK,O,M,eng
i,UNK,UNK,O,M,eng
l,UNK,UNK,O,E,eng
SPACE,UNK,UNK,O,S,x
g,UNK,UNK,O,B,eng
r,UNK,UNK,O,M,eng
o,UNK,UNK,O,M,eng
u,UNK,UNK,O,M,eng
p,UNK,UNK,O,E,eng
[,UNK,UNK,O,S,x
(,UNK,UNK,O,S,x
num,UNK,UNK,O,B,m
num,UNK,UNK,O,M,m
.,UNK,UNK,O,E,m
SPACE,UNK,UNK,O,S,x
num,UNK,UNK,O,S,x
SPACE,UNK,UNK,O,S,x
±,UNK,UNK,O,S,x
SPACE,UNK,UNK,O,S,x
num,UNK,UNK,O,B,m
.,UNK,UNK,O,E,m
SPACE,UNK,UNK,O,S,x
num,UNK,UNK,O,S,x
),UNK,UNK,O,S,x
m,UNK,UNK,O,B,eng
m,UNK,UNK,O,M,eng
o,UNK,UNK,O,M,eng
l,UNK,UNK,O,E,eng
SPACE,UNK,UNK,O,S,x
/,UNK,UNK,O,S,x
SPACE,UNK,UNK,O,S,x
L,UNK,UNK,O,S,x
],UNK,UNK,O,S,x
SPACE,UNK,UNK,O,S,x
w,UNK,UNK,O,B,eng
e,UNK,UNK,O,M,eng
r,UNK,UNK,O,M,eng
e,UNK,UNK,O,E,eng
SPACE,UNK,UNK,O,S,x
l,UNK,UNK,O,B,eng
o,UNK,UNK,O,M,eng
w,UNK,UNK,O,M,eng
e,UNK,UNK,O,M,eng
r,UNK,UNK,O,E,eng
SPACE,UNK,UNK,O,S,x
t,UNK,UNK,O,B,eng
h,UNK,UNK,O,M,eng
a,UNK,UNK,O,M,eng
n,UNK,UNK,O,E,eng
SPACE,UNK,UNK,O,S,x
t,UNK,UNK,O,B,eng
h,UNK,UNK,O,M,eng
a,UNK,UNK,O,M,eng
t,UNK,UNK,O,E,eng
SPACE,UNK,UNK,O,S,x
i,UNK,UNK,O,B,eng
n,UNK,UNK,O,E,eng
SPACE,UNK,UNK,O,S,x
t,UNK,UNK,O,B,eng
h,UNK,UNK,O,M,eng
e,UNK,UNK,O,E,eng
SPACE,UNK,UNK,O,S,x
d,UNK,UNK,O,B,eng
i,UNK,UNK,O,M,eng
a,UNK,UNK,O,M,eng
b,UNK,UNK,O,M,eng
e,UNK,UNK,O,M,eng
t,UNK,UNK,O,M,eng
e,UNK,UNK,O,M,eng
s,UNK,UNK,O,E,eng
SPACE,UNK,UNK,O,S,x
c,UNK,UNK,O,B,eng
o,UNK,UNK,O,M,eng
n,UNK,UNK,O,M,eng
t,UNK,UNK,O,M,eng
r,UNK,UNK,O,M,eng
o,UNK,UNK,O,M,eng
l,UNK,UNK,O,E,eng
SPACE,UNK,UNK,O,S,x
g,UNK,UNK,O,B,eng
r,UNK,UNK,O,M,eng
o,UNK,UNK,O,M,eng
u,UNK,UNK,O,M,eng
p,UNK,UNK,O,E,eng
sep,sep,sep,sep,sep,sep
LB,UNK,UNK,O,S,x
[,UNK,UNK,O,S,x
(,UNK,UNK,O,S,x
num,UNK,UNK,O,B,m
num,UNK,UNK,O,M,m
.,UNK,UNK,O,E,m
SPACE,UNK,UNK,O,S,x
num,UNK,UNK,O,S,x
SPACE,UNK,UNK,O,S,x
±,UNK,UNK,O,S,x
SPACE,UNK,UNK,O,S,x
num,UNK,UNK,O,B,m
.,UNK,UNK,O,E,m
SPACE,UNK,UNK,O,S,x
num,UNK,UNK,O,S,x
),UNK,UNK,O,S,x
m,UNK,UNK,O,B,eng
m,UNK,UNK,O,M,eng
o,UNK,UNK,O,M,eng
l,UNK,UNK,O,E,eng
SPACE,UNK,UNK,O,S,x
/,UNK,UNK,O,S,x
SPACE,UNK,UNK,O,S,x
L,UNK,UNK,O,S,x
],UNK,UNK,O,S,x
SPACE,UNK,UNK,O,S,x
w,UNK,UNK,O,B,eng
h,UNK,UNK,O,M,eng
e,UNK,UNK,O,M,eng
n,UNK,UNK,O,E,eng
SPACE,UNK,UNK,O,S,x
t,UNK,UNK,O,B,eng
h,UNK,UNK,O,M,eng
e,UNK,UNK,O,E,eng
SPACE,UNK,UNK,O,S,x
e,UNK,UNK,O,B,eng
x,UNK,UNK,O,M,eng
p,UNK,UNK,O,M,eng
e,UNK,UNK,O,M,eng
r,UNK,UNK,O,M,eng
i,UNK,UNK,O,M,eng
m,UNK,UNK,O,M,eng
e,UNK,UNK,O,M,eng
n,UNK,UNK,O,M,eng
t,UNK,UNK,O,E,eng
SPACE,UNK,UNK,O,S,x
w,UNK,UNK,O,B,eng
a,UNK,UNK,O,M,eng
s,UNK,UNK,O,E,eng
SPACE,UNK,UNK,O,S,x
f,UNK,UNK,O,B,eng
i,UNK,UNK,O,M,eng
n,UNK,UNK,O,M,eng
i,UNK,UNK,O,M,eng
s,UNK,UNK,O,M,eng
h,UNK,UNK,O,M,eng
e,UNK,UNK,O,M,eng
d,UNK,UNK,O,E,eng
.,UNK,UNK,O,S,m
sep,sep,sep,sep,sep,sep
SPACE,UNK,UNK,O,S,x
A,UNK,UNK,O,B,eng
C,UNK,UNK,O,M,eng
E,UNK,UNK,O,E,eng
SPACE,UNK,UNK,O,S,x
m,UNK,UNK,O,B,eng
R,UNK,UNK,O,M,eng
N,UNK,UNK,O,M,eng
A,UNK,UNK,O,E,eng
SPACE,UNK,UNK,O,S,x
a,UNK,UNK,O,B,eng
n,UNK,UNK,O,M,eng
d,UNK,UNK,O,E,eng
SPACE,UNK,UNK,O,S,x
p,UNK,UNK,O,B,eng
r,UNK,UNK,O,M,eng
o,UNK,UNK,O,M,eng
t,UNK,UNK,O,M,eng
e,UNK,UNK,O,M,eng
i,UNK,UNK,O,M,eng
n,UNK,UNK,O,E,eng
SPACE,UNK,UNK,O,S,x
e,UNK,UNK,O,B,eng
x,UNK,UNK,O,M,eng
p,UNK,UNK,O,M,eng
r,UNK,UNK,O,M,eng
e,UNK,UNK,O,M,eng
s,UNK,UNK,O,M,eng
s,UNK,UNK,O,M,eng
i,UNK,UNK,O,M,eng
o,UNK,UNK,O,M,eng
n,UNK,UNK,O,M,eng
s,UNK,UNK,O,E,eng
SPACE,UNK,UNK,O,S,x
i,UNK,UNK,O,B,eng
n,UNK,UNK,O,E,eng
SPACE,UNK,UNK,O,S,x
p,UNK,UNK,O,B,eng
a,UNK,UNK,O,M,eng
n,UNK,UNK,O,M,eng
c,UNK,UNK,O,M,eng
r,UNK,UNK,O,M,eng
e,UNK,UNK,O,M,eng
a,UNK,UNK,O,M,eng
s,UNK,UNK,O,E,eng
SPACE,UNK,UNK,O,S,x
o,UNK,UNK,O,B,eng
f,UNK,UNK,O,E,eng
SPACE,UNK,UNK,O,S,x
t,UNK,UNK,O,B,eng
h,UNK,UNK,O,M,eng
e,UNK,UNK,O,E,eng
LB,UNK,UNK,O,S,x
g,UNK,UNK,O,B,eng
e,UNK,UNK,O,M,eng
n,UNK,UNK,O,M,eng
e,UNK,UNK,O,E,eng
SPACE,UNK,UNK,O,S,x
t,UNK,UNK,O,B,eng
r,UNK,UNK,O,M,eng
e,UNK,UNK,O,M,eng
a,UNK,UNK,O,M,eng
t,UNK,UNK,O,M,eng
m,UNK,UNK,O,M,eng
e,UNK,UNK,O,M,eng
n,UNK,UNK,O,M,eng
t,UNK,UNK,O,E,eng
SPACE,UNK,UNK,O,S,x
g,UNK,UNK,O,B,eng
r,UNK,UNK,O,M,eng
o,UNK,UNK,O,M,eng
u,UNK,UNK,O,M,eng
p,UNK,UNK,O,E,eng
SPACE,UNK,UNK,O,S,x
w,UNK,UNK,O,B,eng
e,UNK,UNK,O,M,eng
r,UNK,UNK,O,M,eng
e,UNK,UNK,O,E,eng
SPACE,UNK,UNK,O,S,x
s,UNK,UNK,O,B,eng
i,UNK,UNK,O,M,eng
g,UNK,UNK,O,M,eng
n,UNK,UNK,O,M,eng
i,UNK,UNK,O,M,eng
f,UNK,UNK,O,M,eng
i,UNK,UNK,O,M,eng
c,UNK,UNK,O,M,eng
a,UNK,UNK,O,M,eng
n,UNK,UNK,O,M,eng
t,UNK,UNK,O,M,eng
l,UNK,UNK,O,M,eng
y,UNK,UNK,O,E,eng
SPACE,UNK,UNK,O,S,x
d,UNK,UNK,O,B,eng
e,UNK,UNK,O,M,eng
c,UNK,UNK,O,M,eng
r,UNK,UNK,O,M,eng
e,UNK,UNK,O,M,eng
a,UNK,UNK,O,M,eng
s,UNK,UNK,O,M,eng
e,UNK,UNK,O,M,eng
d,UNK,UNK,O,E,eng
SPACE,UNK,UNK,O,S,x
c,UNK,UNK,O,B,eng
o,UNK,UNK,O,M,eng
m,UNK,UNK,O,M,eng
p,UNK,UNK,O,M,eng
a,UNK,UNK,O,M,eng
r,UNK,UNK,O,M,eng
e,UNK,UNK,O,M,eng
d,UNK,UNK,O,E,eng
sep,sep,sep,sep,sep,sep
SPACE,UNK,UNK,O,S,x
w,UNK,UNK,O,B,eng
i,UNK,UNK,O,M,eng
t,UNK,UNK,O,M,eng
h,UNK,UNK,O,E,eng
SPACE,UNK,UNK,O,S,x
t,UNK,UNK,O,B,eng
h,UNK,UNK,O,M,eng
e,UNK,UNK,O,E,eng
SPACE,UNK,UNK,O,S,x
d,UNK,UNK,O,B,eng
i,UNK,UNK,O,M,eng
a,UNK,UNK,O,M,eng
b,UNK,UNK,O,M,eng
e,UNK,UNK,O,M,eng
t,UNK,UNK,O,M,eng
e,UNK,UNK,O,M,eng
s,UNK,UNK,O,E,eng
SPACE,UNK,UNK,O,S,x
c,UNK,UNK,O,B,eng
o,UNK,UNK,O,M,eng
n,UNK,UNK,O,M,eng
t,UNK,UNK,O,M,eng
r,UNK,UNK,O,M,eng
o,UNK,UNK,O,M,eng
l,UNK,UNK,O,E,eng
SPACE,UNK,UNK,O,S,x
g,UNK,UNK,O,B,eng
r,UNK,UNK,O,M,eng
o,UNK,UNK,O,M,eng
u,UNK,UNK,O,M,eng
p,UNK,UNK,O,E,eng
SPACE,UNK,UNK,O,S,x
(,UNK,UNK,O,S,x
SPACE,UNK,UNK,O,S,x
P,UNK,UNK,O,S,x
SPACE,UNK,UNK,O,S,x
<,UNK,UNK,O,S,x
SPACE,UNK,UNK,O,S,x
num,UNK,UNK,O,B,m
.,UNK,UNK,O,E,m
SPACE,UNK,UNK,O,S,x
num,UNK,UNK,O,B,m
num,UNK,UNK,O,E,m
),UNK,UNK,O,S,x
SPACE,UNK,UNK,O,S,x
.,UNK,UNK,O,S,x
sep,sep,sep,sep,sep,sep
SPACE,UNK,UNK,O,S,x
S,UNK,UNK,O,B,eng
e,UNK,UNK,O,M,eng
r,UNK,UNK,O,M,eng
u,UNK,UNK,O,M,eng
m,UNK,UNK,O,E,eng
LB,UNK,UNK,O,S,x
c,UNK,UNK,O,B,eng
o,UNK,UNK,O,M,eng
n,UNK,UNK,O,M,eng
c,UNK,UNK,O,M,eng
e,UNK,UNK,O,M,eng
n,UNK,UNK,O,M,eng
t,UNK,UNK,O,M,eng
r,UNK,UNK,O,M,eng
a,UNK,UNK,O,M,eng
t,UNK,UNK,O,M,eng
i,UNK,UNK,O,M,eng
o,UNK,UNK,O,M,eng
n,UNK,UNK,O,M,eng
s,UNK,UNK,O,E,eng
SPACE,UNK,UNK,O,S,x
o,UNK,UNK,O,B,eng
f,UNK,UNK,O,E,eng
SPACE,UNK,UNK,O,S,x
A,UNK,UNK,O,B,eng
C,UNK,UNK,O,M,eng
E,UNK,UNK,O,E,eng
sep,sep,sep,sep,sep,sep
SPACE,UNK,UNK,O,S,x
a,UNK,UNK,O,B,eng
n,UNK,UNK,O,M,eng
d,UNK,UNK,O,E,eng
SPACE,UNK,UNK,O,S,x
A,UNK,UNK,O,B,eng
n,UNK,UNK,O,M,eng
g,UNK,UNK,O,E,eng
SPACE,UNK,UNK,O,S,x
num,UNK,UNK,O,S,x
SPACE,UNK,UNK,O,S,x
i,UNK,UNK,O,B,eng
n,UNK,UNK,O,E,eng
SPACE,UNK,UNK,O,S,x
t,UNK,UNK,O,B,eng
h,UNK,UNK,O,M,eng
e,UNK,UNK,O,E,eng
SPACE,UNK,UNK,O,S,x
g,UNK,UNK,O,B,eng
e,UNK,UNK,O,M,eng
n,UNK,UNK,O,M,eng
e,UNK,UNK,O,E,eng
SPACE,UNK,UNK,O,S,x
t,UNK,UNK,O,B,eng
r,UNK,UNK,O,M,eng
e,UNK,UNK,O,M,eng
a,UNK,UNK,O,M,eng
t,UNK,UNK,O,M,eng
m,UNK,UNK,O,M,eng
e,UNK,UNK,O,M,eng
n,UNK,UNK,O,M,eng
t,UNK,UNK,O,E,eng
SPACE,UNK,UNK,O,S,x
g,UNK,UNK,O,B,eng
r,UNK,UNK,O,M,eng
o,UNK,UNK,O,M,eng
u,UNK,UNK,O,M,eng
p,UNK,UNK,O,E,eng
SPACE,UNK,UNK,O,S,x
w,UNK,UNK,O,B,eng
e,UNK,UNK,O,M,eng
r,UNK,UNK,O,M,eng
e,UNK,UNK,O,E,eng
SPACE,UNK,UNK,O,S,x
(,UNK,UNK,O,S,x
num,UNK,UNK,O,B,m
num,UNK,UNK,O,M,m
.,UNK,UNK,O,E,m
SPACE,UNK,UNK,O,S,x
num,UNK,UNK,O,B,m
num,UNK,UNK,O,E,m
SPACE,UNK,UNK,O,S,x
±,UNK,UNK,O,S,x
SPACE,UNK,UNK,O,S,x
num,UNK,UNK,O,B,m
.,UNK,UNK,O,E,m
SPACE,UNK,UNK,O,S,x
num,UNK,UNK,O,B,m
num,UNK,UNK,O,E,m
),UNK,UNK,O,S,x
SPACE,UNK,UNK,O,S,x
n,UNK,UNK,O,B,eng
g,UNK,UNK,O,E,eng
SPACE,UNK,UNK,O,S,x
/,UNK,UNK,O,S,x
SPACE,UNK,UNK,O,S,x
m,UNK,UNK,O,B,eng
l,UNK,UNK,O,E,eng
sep,sep,sep,sep,sep,sep
SPACE,UNK,UNK,O,S,x
a,UNK,UNK,O,B,eng
n,UNK,UNK,O,M,eng
d,UNK,UNK,O,E,eng
SPACE,UNK,UNK,O,S,x
(,UNK,UNK,O,S,x
num,UNK,UNK,O,B,m
num,UNK,UNK,O,M,m
.,UNK,UNK,O,E,m
SPACE,UNK,UNK,O,S,x
num,UNK,UNK,O,B,m
num,UNK,UNK,O,E,m
SPACE,UNK,UNK,O,S,x
±,UNK,UNK,O,S,x
SPACE,UNK,UNK,O,S,x
num,UNK,UNK,O,B,m
.,UNK,UNK,O,E,m
SPACE,UNK,UNK,O,S,x
num,UNK,UNK,O,B,m
num,UNK,UNK,O,E,m
),UNK,UNK,O,S,x
LB,UNK,UNK,O,S,x
p,UNK,UNK,O,B,eng
g,UNK,UNK,O,E,eng
SPACE,UNK,UNK,O,S,x
/,UNK,UNK,O,S,x
SPACE,UNK,UNK,O,S,x
m,UNK,UNK,O,B,eng
l,UNK,UNK,O,E,eng
",",UNK,UNK,O,S,x
sep,sep,sep,sep,sep,sep
SPACE,UNK,UNK,O,S,x
s,UNK,UNK,O,B,eng
i,UNK,UNK,O,M,eng
g,UNK,UNK,O,M,eng
n,UNK,UNK,O,M,eng
i,UNK,UNK,O,M,eng
f,UNK,UNK,O,M,eng
i,UNK,UNK,O,M,eng
c,UNK,UNK,O,M,eng
a,UNK,UNK,O,M,eng
n,UNK,UNK,O,M,eng
t,UNK,UNK,O,M,eng
l,UNK,UNK,O,M,eng
y,UNK,UNK,O,E,eng
SPACE,UNK,UNK,O,S,x
l,UNK,UNK,O,B,eng
o,UNK,UNK,O,M,eng
w,UNK,UNK,O,M,eng
e,UNK,UNK,O,M,eng
r,UNK,UNK,O,E,eng
SPACE,UNK,UNK,O,S,x
t,UNK,UNK,O,B,eng
h,UNK,UNK,O,M,eng
a,UNK,UNK,O,M,eng
n,UNK,UNK,O,E,eng
SPACE,UNK,UNK,O,S,x
t,UNK,UNK,O,B,eng
h,UNK,UNK,O,M,eng
o,UNK,UNK,O,M,eng
s,UNK,UNK,O,M,eng
e,UNK,UNK,O,E,eng
SPACE,UNK,UNK,O,S,x
o,UNK,UNK,O,B,eng
f,UNK,UNK,O,E,eng
SPACE,UNK,UNK,O,S,x
t,UNK,UNK,O,B,eng
h,UNK,UNK,O,M,eng
e,UNK,UNK,O,E,eng
SPACE,UNK,UNK,O,S,x
d,UNK,UNK,O,B,eng
i,UNK,UNK,O,M,eng
a,UNK,UNK,O,M,eng
b,UNK,UNK,O,M,eng
e,UNK,UNK,O,M,eng
t,UNK,UNK,O,M,eng
e,UNK,UNK,O,M,eng
s,UNK,UNK,O,E,eng
SPACE,UNK,UNK,O,S,x
c,UNK,UNK,O,B,eng
o,UNK,UNK,O,M,eng
n,UNK,UNK,O,M,eng
t,UNK,UNK,O,M,eng
r,UNK,UNK,O,M,eng
o,UNK,UNK,O,M,eng
l,UNK,UNK,O,E,eng
SPACE,UNK,UNK,O,S,x
g,UNK,UNK,O,B,eng
r,UNK,UNK,O,M,eng
o,UNK,UNK,O,M,eng
u,UNK,UNK,O,M,eng
p,UNK,UNK,O,E,eng
[,UNK,UNK,O,S,x
(,UNK,UNK,O,S,x
num,UNK,UNK,O,B,m
num,UNK,UNK,O,M,m
.,UNK,UNK,O,E,m
SPACE,UNK,UNK,O,S,x
num,UNK,UNK,O,B,m
num,UNK,UNK,O,E,m
SPACE,UNK,UNK,O,S,x
±,UNK,UNK,O,S,x
num,UNK,UNK,O,B,m
.,UNK,UNK,O,E,m
SPACE,UNK,UNK,O,S,x
num,UNK,UNK,O,B,m
num,UNK,UNK,O,E,m
),UNK,UNK,O,S,x
n,UNK,UNK,O,B,eng
g,UNK,UNK,O,E,eng
SPACE,UNK,UNK,O,S,x
/,UNK,UNK,O,S,x
SPACE,UNK,UNK,O,S,x
m,UNK,UNK,O,B,eng
l,UNK,UNK,O,E,eng
SPACE,UNK,UNK,O,S,x
a,UNK,UNK,O,B,eng
n,UNK,UNK,O,M,eng
d,UNK,UNK,O,E,eng
(,UNK,UNK,O,S,x
num,UNK,UNK,O,B,m
num,UNK,UNK,O,M,m
.,UNK,UNK,O,E,m
SPACE,UNK,UNK,O,S,x
num,UNK,UNK,O,B,m
num,UNK,UNK,O,E,m
SPACE,UNK,UNK,O,S,x
±,UNK,UNK,O,S,x
num,UNK,UNK,O,B,m
.,UNK,UNK,O,E,m
SPACE,UNK,UNK,O,S,x
num,UNK,UNK,O,B,m
num,UNK,UNK,O,E,m
),UNK,UNK,O,S,x
p,UNK,UNK,O,B,eng
g,UNK,UNK,O,E,eng
SPACE,UNK,UNK,O,S,x
/,UNK,UNK,O,S,x
SPACE,UNK,UNK,O,S,x
m,UNK,UNK,O,B,eng
l,UNK,UNK,O,E,eng
LB,UNK,UNK,O,S,x
r,UNK,UNK,O,B,eng
e,UNK,UNK,O,M,eng
s,UNK,UNK,O,M,eng
p,UNK,UNK,O,M,eng
e,UNK,UNK,O,M,eng
c,UNK,UNK,O,M,eng
t,UNK,UNK,O,M,eng
i,UNK,UNK,O,M,eng
v,UNK,UNK,O,M,eng
e,UNK,UNK,O,M,eng
l,UNK,UNK,O,M,eng
y,UNK,UNK,O,E,eng
",",UNK,UNK,O,S,x
sep,sep,sep,sep,sep,sep
SPACE,UNK,UNK,O,S,x
b,UNK,UNK,O,B,eng
o,UNK,UNK,O,M,eng
t,UNK,UNK,O,M,eng
h,UNK,UNK,O,E,eng
SPACE,UNK,UNK,O,S,x
P,UNK,UNK,O,S,x
<,UNK,UNK,O,S,x
num,UNK,UNK,O,B,m
.,UNK,UNK,O,E,m
SPACE,UNK,UNK,O,S,x
num,UNK,UNK,O,B,m
num,UNK,UNK,O,E,m
],UNK,UNK,O,S,x
SPACE,UNK,UNK,O,S,x
.,UNK,UNK,O,S,x
sep,sep,sep,sep,sep,sep
SPACE,UNK,UNK,O,S,x
I,UNK,UNK,O,B,eng
n,UNK,UNK,O,M,eng
s,UNK,UNK,O,M,eng
u,UNK,UNK,O,M,eng
l,UNK,UNK,O,M,eng
i,UNK,UNK,O,M,eng
n,UNK,UNK,O,E,eng
SPACE,UNK,UNK,O,S,x
s,UNK,UNK,O,B,eng
e,UNK,UNK,O,M,eng
n,UNK,UNK,O,M,eng
s,UNK,UNK,O,M,eng
i,UNK,UNK,O,M,eng
t,UNK,UNK,O,M,eng
i,UNK,UNK,O,M,eng
v,UNK,UNK,O,M,eng
i,UNK,UNK,O,M,eng
t,UNK,UNK,O,M,eng
y,UNK,UNK,O,E,eng
SPACE,UNK,UNK,O,S,x
i,UNK,UNK,O,B,eng
n,UNK,UNK,O,M,eng
d,UNK,UNK,O,M,eng
e,UNK,UNK,O,M,eng
x,UNK,UNK,O,M,eng
e,UNK,UNK,O,M,eng
s,UNK,UNK,O,E,eng
SPACE,UNK,UNK,O,S,x
o,UNK,UNK,O,B,eng
f,UNK,UNK,O,E,eng
SPACE,UNK,UNK,O,S,x
t,UNK,UNK,O,B,eng
h,UNK,UNK,O,M,eng
e,UNK,UNK,O,E,eng
SPACE,UNK,UNK,O,S,x
g,UNK,UNK,O,B,eng
e,UNK,UNK,O,M,eng
n,UNK,UNK,O,M,eng
e,UNK,UNK,O,E,eng
SPACE,UNK,UNK,O,S,x
t,UNK,UNK,O,B,eng
r,UNK,UNK,O,M,eng
e,UNK,UNK,O,M,eng
a,UNK,UNK,O,M,eng
t,UNK,UNK,O,M,eng
m,UNK,UNK,O,M,eng
e,UNK,UNK,O,M,eng
n,UNK,UNK,O,M,eng
t,UNK,UNK,O,E,eng
SPACE,UNK,UNK,O,S,x
g,UNK,UNK,O,B,eng
r,UNK,UNK,O,M,eng
o,UNK,UNK,O,M,eng
u,UNK,UNK,O,M,eng
p,UNK,UNK,O,E,eng
sep,sep,sep,sep,sep,sep
SPACE,UNK,UNK,O,S,x
a,UNK,UNK,O,B,eng
n,UNK,UNK,O,M,eng
d,UNK,UNK,O,E,eng
SPACE,UNK,UNK,O,S,x
t,UNK,UNK,O,B,eng
h,UNK,UNK,O,M,eng
e,UNK,UNK,O,E,eng
SPACE,UNK,UNK,O,S,x
e,UNK,UNK,O,B,eng
n,UNK,UNK,O,M,eng
a,UNK,UNK,O,M,eng
l,UNK,UNK,O,M,eng
a,UNK,UNK,O,M,eng
p,UNK,UNK,O,M,eng
r,UNK,UNK,O,M,eng
i,UNK,UNK,O,M,eng
l,UNK,UNK,O,E,eng
SPACE,UNK,UNK,O,S,x
g,UNK,UNK,O,B,eng
r,UNK,UNK,O,M,eng
o,UNK,UNK,O,M,eng
u,UNK,UNK,O,M,eng
p,UNK,UNK,O,E,eng
SPACE,UNK,UNK,O,S,x
w,UNK,UNK,O,B,eng
e,UNK,UNK,O,M,eng
r,UNK,UNK,O,M,eng
e,UNK,UNK,O,E,eng
LB,UNK,UNK,O,S,x
(,UNK,UNK,O,S,x
-,UNK,UNK,O,S,x
num,UNK,UNK,O,B,m
.,UNK,UNK,O,E,m
SPACE,UNK,UNK,O,S,x
num,UNK,UNK,O,B,m
num,UNK,UNK,O,E,m
SPACE,UNK,UNK,O,S,x
±,UNK,UNK,O,S,x
SPACE,UNK,UNK,O,S,x
num,UNK,UNK,O,B,m
.,UNK,UNK,O,E,m
SPACE,UNK,UNK,O,S,x
num,UNK,UNK,O,B,m
num,UNK,UNK,O,E,m
),UNK,UNK,O,S,x
SPACE,UNK,UNK,O,S,x
a,UNK,UNK,O,B,eng
n,UNK,UNK,O,M,eng
d,UNK,UNK,O,E,eng
(,UNK,UNK,O,S,x
-,UNK,UNK,O,S,x
num,UNK,UNK,O,B,m
.,UNK,UNK,O,E,m
SPACE,UNK,UNK,O,S,x
num,UNK,UNK,O,B,m
num,UNK,UNK,O,E,m
SPACE,UNK,UNK,O,S,x
±,UNK,UNK,O,S,x
SPACE,UNK,UNK,O,S,x
num,UNK,UNK,O,B,m
.,UNK,UNK,O,E,m
SPACE,UNK,UNK,O,S,x
num,UNK,UNK,O,B,m
num,UNK,UNK,O,E,m
),UNK,UNK,O,S,x
",",UNK,UNK,O,S,x
sep,sep,sep,sep,sep,sep
SPACE,UNK,UNK,O,S,x
b,UNK,UNK,O,B,eng
e,UNK,UNK,O,M,eng
i,UNK,UNK,O,M,eng
n,UNK,UNK,O,M,eng
g,UNK,UNK,O,E,eng
SPACE,UNK,UNK,O,S,x
a,UNK,UNK,O,B,eng
l,UNK,UNK,O,M,eng
l,UNK,UNK,O,E,eng
SPACE,UNK,UNK,O,S,x
s,UNK,UNK,O,B,eng
i,UNK,UNK,O,M,eng
g,UNK,UNK,O,M,eng
n,UNK,UNK,O,M,eng
i,UNK,UNK,O,M,eng
f,UNK,UNK,O,M,eng
i,UNK,UNK,O,M,eng
c,UNK,UNK,O,M,eng
a,UNK,UNK,O,M,eng
n,UNK,UNK,O,M,eng
t,UNK,UNK,O,M,eng
l,UNK,UNK,O,M,eng
y,UNK,UNK,O,E,eng
SPACE,UNK,UNK,O,S,x
h,UNK,UNK,O,B,eng
i,UNK,UNK,O,M,eng
g,UNK,UNK,O,M,eng
h,UNK,UNK,O,M,eng
e,UNK,UNK,O,M,eng
r,UNK,UNK,O,E,eng
SPACE,UNK,UNK,O,S,x
t,UNK,UNK,O,B,eng
h,UNK,UNK,O,M,eng
a,UNK,UNK,O,M,eng
n,UNK,UNK,O,E,eng
SPACE,UNK,UNK,O,S,x
t,UNK,UNK,O,B,eng
h,UNK,UNK,O,M,eng
a,UNK,UNK,O,M,eng
t,UNK,UNK,O,E,eng
SPACE,UNK,UNK,O,S,x
o,UNK,UNK,O,B,eng
f,UNK,UNK,O,E,eng
SPACE,UNK,UNK,O,S,x
t,UNK,UNK,O,B,eng
h,UNK,UNK,O,M,eng
e,UNK,UNK,O,E,eng
SPACE,UNK,UNK,O,S,x
d,UNK,UNK,O,B,eng
i,UNK,UNK,O,M,eng
a,UNK,UNK,O,M,eng
b,UNK,UNK,O,M,eng
e,UNK,UNK,O,M,eng
t,UNK,UNK,O,M,eng
e,UNK,UNK,O,M,eng
s,UNK,UNK,O,E,eng
SPACE,UNK,UNK,O,S,x
c,UNK,UNK,O,B,eng
o,UNK,UNK,O,M,eng
n,UNK,UNK,O,M,eng
t,UNK,UNK,O,M,eng
r,UNK,UNK,O,M,eng
o,UNK,UNK,O,M,eng
l,UNK,UNK,O,E,eng
SPACE,UNK,UNK,O,S,x
g,UNK,UNK,O,B,eng
r,UNK,UNK,O,M,eng
o,UNK,UNK,O,M,eng
u,UNK,UNK,O,M,eng
p,UNK,UNK,O,E,eng
(,UNK,UNK,O,S,x
-,UNK,UNK,O,S,x
num,UNK,UNK,O,B,m
.,UNK,UNK,O,E,m
SPACE,UNK,UNK,O,S,x
num,UNK,UNK,O,B,m
num,UNK,UNK,O,E,m
SPACE,UNK,UNK,O,S,x
±,UNK,UNK,O,S,x
LB,UNK,UNK,O,S,x
num,UNK,UNK,O,B,m
.,UNK,UNK,O,E,m
SPACE,UNK,UNK,O,S,x
num,UNK,UNK,O,B,m
num,UNK,UNK,O,E,m
",",UNK,UNK,O,S,x
sep,sep,sep,sep,sep,sep
SPACE,UNK,UNK,O,S,x
b,UNK,UNK,O,B,eng
o,UNK,UNK,O,M,eng
t,UNK,UNK,O,M,eng
h,UNK,UNK,O,E,eng
SPACE,UNK,UNK,O,S,x
P,UNK,UNK,O,S,x
<,UNK,UNK,O,S,x
num,UNK,UNK,O,B,m
.,UNK,UNK,O,E,m
SPACE,UNK,UNK,O,S,x
num,UNK,UNK,O,B,m
num,UNK,UNK,O,E,m
),UNK,UNK,O,S,x
SPACE,UNK,UNK,O,S,x
.,UNK,UNK,O,S,x
sep,sep,sep,sep,sep,sep
SPACE,UNK,UNK,O,S,x
E,UNK,UNK,O,B,eng
x,UNK,UNK,O,M,eng
p,UNK,UNK,O,M,eng
r,UNK,UNK,O,M,eng
e,UNK,UNK,O,M,eng
s,UNK,UNK,O,M,eng
s,UNK,UNK,O,M,eng
i,UNK,UNK,O,M,eng
o,UNK,UNK,O,M,eng
n,UNK,UNK,O,M,eng
s,UNK,UNK,O,E,eng
SPACE,UNK,UNK,O,S,x
o,UNK,UNK,O,B,eng
f,UNK,UNK,O,E,eng
SPACE,UNK,UNK,O,S,x
G,UNK,UNK,O,B,eng
L,UNK,UNK,O,M,eng
U,UNK,UNK,O,M,eng
T,UNK,UNK,O,M,eng
num,UNK,UNK,O,E,eng
SPACE,UNK,UNK,O,S,x
p,UNK,UNK,O,B,eng
r,UNK,UNK,O,M,eng
o,UNK,UNK,O,M,eng
t,UNK,UNK,O,M,eng
e,UNK,UNK,O,M,eng
i,UNK,UNK,O,M,eng
n,UNK,UNK,O,E,eng
SPACE,UNK,UNK,O,S,x
i,UNK,UNK,O,B,eng
n,UNK,UNK,O,E,eng
SPACE,UNK,UNK,O,S,x
e,UNK,UNK,O,B,eng
p,UNK,UNK,O,M,eng
i,UNK,UNK,O,M,eng
d,UNK,UNK,O,M,eng
i,UNK,UNK,O,M,eng
d,UNK,UNK,O,M,eng
y,UNK,UNK,O,M,eng
m,UNK,UNK,O,M,eng
a,UNK,UNK,O,M,eng
l,UNK,UNK,O,E,eng
SPACE,UNK,UNK,O,S,x
a,UNK,UNK,O,B,eng
d,UNK,UNK,O,M,eng
i,UNK,UNK,O,M,eng
p,UNK,UNK,O,M,eng
o,UNK,UNK,O,M,eng
s,UNK,UNK,O,M,eng
e,UNK,UNK,O,E,eng
SPACE,UNK,UNK,O,S,x
t,UNK,UNK,O,B,eng
i,UNK,UNK,O,M,eng
s,UNK,UNK,O,M,eng
s,UNK,UNK,O,M,eng
u,UNK,UNK,O,M,eng
e,UNK,UNK,O,E,eng
SPACE,UNK,UNK,O,S,x
w,UNK,UNK,O,B,eng
e,UNK,UNK,O,M,eng
r,UNK,UNK,O,M,eng
e,UNK,UNK,O,E,eng
SPACE,UNK,UNK,O,S,x
h,UNK,UNK,O,B,eng
i,UNK,UNK,O,M,eng
g,UNK,UNK,O,M,eng
h,UNK,UNK,O,M,eng
e,UNK,UNK,O,M,eng
r,UNK,UNK,O,E,eng
sep,sep,sep,sep,sep,sep
SPACE,UNK,UNK,O,S,x
a,UNK,UNK,O,B,eng
n,UNK,UNK,O,M,eng
d,UNK,UNK,O,E,eng
SPACE,UNK,UNK,O,S,x
e,UNK,UNK,O,B,eng
x,UNK,UNK,O,M,eng
p,UNK,UNK,O,M,eng
r,UNK,UNK,O,M,eng
e,UNK,UNK,O,M,eng
s,UNK,UNK,O,M,eng
s,UNK,UNK,O,M,eng
i,UNK,UNK,O,M,eng
o,UNK,UNK,O,M,eng
n,UNK,UNK,O,M,eng
s,UNK,UNK,O,E,eng
SPACE,UNK,UNK,O,S,x
o,UNK,UNK,O,B,eng
f,UNK,UNK,O,E,eng
LB,UNK,UNK,O,S,x
p,UNK,UNK,O,B,eng
num,UNK,UNK,O,M,eng
num,UNK,UNK,O,M,eng
p,UNK,UNK,O,M,eng
h,UNK,UNK,O,M,eng
o,UNK,UNK,O,M,eng
x,UNK,UNK,O,E,eng
SPACE,UNK,UNK,O,S,x
p,UNK,UNK,O,B,eng
r,UNK,UNK,O,M,eng
o,UNK,UNK,O,M,eng
t,UNK,UNK,O,M,eng
e,UNK,UNK,O,M,eng
i,UNK,UNK,O,M,eng
n,UNK,UNK,O,E,eng
SPACE,UNK,UNK,O,S,x
i,UNK,UNK,O,B,eng
n,UNK,UNK,O,E,eng
SPACE,UNK,UNK,O,S,x
p,UNK,UNK,O,B,eng
a,UNK,UNK,O,M,eng
n,UNK,UNK,O,M,eng
c,UNK,UNK,O,M,eng
r,UNK,UNK,O,M,eng
e,UNK,UNK,O,M,eng
a,UNK,UNK,O,M,eng
s,UNK,UNK,O,E,eng
SPACE,UNK,UNK,O,S,x
w,UNK,UNK,O,B,eng
e,UNK,UNK,O,M,eng
r,UNK,UNK,O,M,eng
e,UNK,UNK,O,E,eng
SPACE,UNK,UNK,O,S,x
l,UNK,UNK,O,B,eng
o,UNK,UNK,O,M,eng
w,UNK,UNK,O,M,eng
e,UNK,UNK,O,M,eng
r,UNK,UNK,O,E,eng
SPACE,UNK,UNK,O,S,x
i,UNK,UNK,O,B,eng
n,UNK,UNK,O,E,eng
SPACE,UNK,UNK,O,S,x
t,UNK,UNK,O,B,eng
h,UNK,UNK,O,M,eng
e,UNK,UNK,O,E,eng
SPACE,UNK,UNK,O,S,x
g,UNK,UNK,O,B,eng
e,UNK,UNK,O,M,eng
n,UNK,UNK,O,M,eng
e,UNK,UNK,O,E,eng
SPACE,UNK,UNK,O,S,x
t,UNK,UNK,O,B,eng
r,UNK,UNK,O,M,eng
e,UNK,UNK,O,M,eng
a,UNK,UNK,O,M,eng
t,UNK,UNK,O,M,eng
m,UNK,UNK,O,M,eng
e,UNK,UNK,O,M,eng
n,UNK,UNK,O,M,eng
t,UNK,UNK,O,E,eng
SPACE,UNK,UNK,O,S,x
g,UNK,UNK,O,B,eng
r,UNK,UNK,O,M,eng
o,UNK,UNK,O,M,eng
u,UNK,UNK,O,M,eng
p,UNK,UNK,O,E,eng
sep,sep,sep,sep,sep,sep
SPACE,UNK,UNK,O,S,x
a,UNK,UNK,O,B,eng
n,UNK,UNK,O,M,eng
d,UNK,UNK,O,E,eng
SPACE,UNK,UNK,O,S,x
t,UNK,UNK,O,B,eng
h,UNK,UNK,O,M,eng
e,UNK,UNK,O,E,eng
SPACE,UNK,UNK,O,S,x
e,UNK,UNK,O,B,eng
n,UNK,UNK,O,M,eng
a,UNK,UNK,O,M,eng
l,UNK,UNK,O,M,eng
a,UNK,UNK,O,M,eng
p,UNK,UNK,O,M,eng
r,UNK,UNK,O,M,eng
i,UNK,UNK,O,M,eng
l,UNK,UNK,O,E,eng
SPACE,UNK,UNK,O,S,x
g,UNK,UNK,O,B,eng
r,UNK,UNK,O,M,eng
o,UNK,UNK,O,M,eng
u,UNK,UNK,O,M,eng
p,UNK,UNK,O,E,eng
SPACE,UNK,UNK,O,S,x
t,UNK,UNK,O,B,eng
h,UNK,UNK,O,M,eng
a,UNK,UNK,O,M,eng
n,UNK,UNK,O,E,eng
SPACE,UNK,UNK,O,S,x
t,UNK,UNK,O,B,eng
h,UNK,UNK,O,M,eng
o,UNK,UNK,O,M,eng
s,UNK,UNK,O,M,eng
e,UNK,UNK,O,E,eng
SPACE,UNK,UNK,O,S,x
o,UNK,UNK,O,B,eng
f,UNK,UNK,O,E,eng
SPACE,UNK,UNK,O,S,x
t,UNK,UNK,O,B,eng
h,UNK,UNK,O,M,eng
e,UNK,UNK,O,E,eng
SPACE,UNK,UNK,O,S,x
d,UNK,UNK,O,B,eng
i,UNK,UNK,O,M,eng
a,UNK,UNK,O,M,eng
b,UNK,UNK,O,M,eng
e,UNK,UNK,O,M,eng
t,UNK,UNK,O,M,eng
e,UNK,UNK,O,M,eng
s,UNK,UNK,O,E,eng
LB,UNK,UNK,O,S,x
c,UNK,UNK,O,B,eng
o,UNK,UNK,O,M,eng
n,UNK,UNK,O,M,eng
t,UNK,UNK,O,M,eng
r,UNK,UNK,O,M,eng
o,UNK,UNK,O,M,eng
l,UNK,UNK,O,E,eng
SPACE,UNK,UNK,O,S,x
g,UNK,UNK,O,B,eng
r,UNK,UNK,O,M,eng
o,UNK,UNK,O,M,eng
u,UNK,UNK,O,M,eng
p,UNK,UNK,O,E,eng
(,UNK,UNK,O,S,x
b,UNK,UNK,O,B,eng
o,UNK,UNK,O,M,eng
t,UNK,UNK,O,M,eng
h,UNK,UNK,O,E,eng
SPACE,UNK,UNK,O,S,x
P,UNK,UNK,O,S,x
<,UNK,UNK,O,S,x
num,UNK,UNK,O,B,m
.,UNK,UNK,O,E,m
SPACE,UNK,UNK,O,S,x
num,UNK,UNK,O,B,m
num,UNK,UNK,O,E,m
),UNK,UNK,O,S,x
SPACE,UNK,UNK,O,S,x
.,UNK,UNK,O,S,x
sep,sep,sep,sep,sep,sep
SPACE,UNK,UNK,O,S,x
C,UNK,UNK,O,B,eng
o,UNK,UNK,O,M,eng
n,UNK,UNK,O,M,eng
c,UNK,UNK,O,M,eng
l,UNK,UNK,O,M,eng
u,UNK,UNK,O,M,eng
s,UNK,UNK,O,M,eng
i,UNK,UNK,O,M,eng
o,UNK,UNK,O,M,eng
n,UNK,UNK,O,M,eng
s,UNK,UNK,O,E,eng
SPACE,UNK,UNK,O,S,x
R,UNK,UNK,O,B,eng
N,UNK,UNK,O,M,eng
A,UNK,UNK,O,M,eng
i,UNK,UNK,O,E,eng
SPACE,UNK,UNK,O,S,x
t,UNK,UNK,O,B,eng
a,UNK,UNK,O,M,eng
r,UNK,UNK,O,M,eng
g,UNK,UNK,O,M,eng
e,UNK,UNK,O,M,eng
t,UNK,UNK,O,M,eng
i,UNK,UNK,O,M,eng
n,UNK,UNK,O,M,eng
g,UNK,UNK,O,E,eng
SPACE,UNK,UNK,O,S,x
A,UNK,UNK,O,B,eng
C,UNK,UNK,O,M,eng
E,UNK,UNK,O,E,eng
SPACE,UNK,UNK,O,S,x
g,UNK,UNK,O,B,eng
e,UNK,UNK,O,M,eng
n,UNK,UNK,O,M,eng
e,UNK,UNK,O,E,eng
SPACE,UNK,UNK,O,S,x
m,UNK,UNK,O,B,eng
a,UNK,UNK,O,M,eng
y,UNK,UNK,O,E,eng
SPACE,UNK,UNK,O,S,x
d,UNK,UNK,O,B,eng
e,UNK,UNK,O,M,eng
l,UNK,UNK,O,M,eng
a,UNK,UNK,O,M,eng
y,UNK,UNK,O,E,eng
SPACE,UNK,UNK,O,S,x
t,UNK,UNK,O,B,eng
h,UNK,UNK,O,M,eng
e,UNK,UNK,O,E,eng
SPACE,UNK,UNK,O,S,x
p,UNK,UNK,O,B,eng
r,UNK,UNK,O,M,eng
o,UNK,UNK,O,M,eng
g,UNK,UNK,O,M,eng
r,UNK,UNK,O,M,eng
e,UNK,UNK,O,M,eng
s,UNK,UNK,O,M,eng
s,UNK,UNK,O,E,eng
SPACE,UNK,UNK,O,S,x
o,UNK,UNK,O,B,eng
f,UNK,UNK,O,E,eng
SPACE,UNK,UNK,O,S,x
h,UNK,UNK,O,B,eng
y,UNK,UNK,O,M,eng
p,UNK,UNK,O,M,eng
e,UNK,UNK,O,M,eng
r,UNK,UNK,O,M,eng
g,UNK,UNK,O,M,eng
l,UNK,UNK,O,M,eng
y,UNK,UNK,O,M,eng
c,UNK,UNK,O,M,eng
a,UNK,UNK,O,M,eng
e,UNK,UNK,O,M,eng
m,UNK,UNK,O,M,eng
i,UNK,UNK,O,M,eng
a,UNK,UNK,O,E,eng
SPACE,UNK,UNK,O,S,x
a,UNK,UNK,O,B,eng
n,UNK,UNK,O,M,eng
d,UNK,UNK,O,E,eng
LB,UNK,UNK,O,S,x
i,UNK,UNK,O,B,eng
m,UNK,UNK,O,M,eng
p,UNK,UNK,O,M,eng
r,UNK,UNK,O,M,eng
o,UNK,UNK,O,M,eng
v,UNK,UNK,O,M,eng
e,UNK,UNK,O,E,eng
SPACE,UNK,UNK,O,S,x
t,UNK,UNK,O,B,eng
h,UNK,UNK,O,M,eng
e,UNK,UNK,O,E,eng
SPACE,UNK,UNK,O,S,x
s,UNK,UNK,O,B,eng
i,UNK,UNK,O,M,eng
t,UNK,UNK,O,M,eng
u,UNK,UNK,O,M,eng
a,UNK,UNK,O,M,eng
t,UNK,UNK,O,M,eng
i,UNK,UNK,O,M,eng
o,UNK,UNK,O,M,eng
n,UNK,UNK,O,E,eng
SPACE,UNK,UNK,O,S,x
o,UNK,UNK,O,B,eng
f,UNK,UNK,O,E,eng
SPACE,UNK,UNK,O,S,x
i,UNK,UNK,O,B,eng
n,UNK,UNK,O,M,eng
s,UNK,UNK,O,M,eng
u,UNK,UNK,O,M,eng
l,UNK,UNK,O,M,eng
i,UNK,UNK,O,M,eng
n,UNK,UNK,O,E,eng
SPACE,UNK,UNK,O,S,x
r,UNK,UNK,O,B,eng
e,UNK,UNK,O,M,eng
s,UNK,UNK,O,M,eng
i,UNK,UNK,O,M,eng
s,UNK,UNK,O,M,eng
t,UNK,UNK,O,M,eng
a,UNK,UNK,O,M,eng
n,UNK,UNK,O,M,eng
c,UNK,UNK,O,M,eng
e,UNK,UNK,O,E,eng
sep,sep,sep,sep,sep,sep
SPACE,UNK,UNK,O,S,x
a,UNK,UNK,O,B,eng
n,UNK,UNK,O,M,eng
d,UNK,UNK,O,E,eng
SPACE,UNK,UNK,O,S,x
o,UNK,UNK,O,B,eng
x,UNK,UNK,O,M,eng
i,UNK,UNK,O,M,eng
d,UNK,UNK,O,M,eng
a,UNK,UNK,O,M,eng
t,UNK,UNK,O,M,eng
i,UNK,UNK,O,M,eng
v,UNK,UNK,O,M,eng
e,UNK,UNK,O,E,eng
SPACE,UNK,UNK,O,S,x
s,UNK,UNK,O,B,eng
t,UNK,UNK,O,M,eng
r,UNK,UNK,O,M,eng
e,UNK,UNK,O,M,eng
s,UNK,UNK,O,M,eng
s,UNK,UNK,O,E,eng
.,UNK,UNK,O,S,m
sep,sep,sep,sep,sep,sep
SPACE,UNK,UNK,O,S,x
T,UNK,UNK,O,B,eng
h,UNK,UNK,O,M,eng
e,UNK,UNK,O,E,eng
SPACE,UNK,UNK,O,S,x
R,UNK,UNK,O,B,eng
N,UNK,UNK,O,M,eng
A,UNK,UNK,O,M,eng
i,UNK,UNK,O,E,eng
SPACE,UNK,UNK,O,S,x
t,UNK,UNK,O,B,eng
e,UNK,UNK,O,M,eng
c,UNK,UNK,O,M,eng
h,UNK,UNK,O,M,eng
n,UNK,UNK,O,M,eng
o,UNK,UNK,O,M,eng
l,UNK,UNK,O,M,eng
o,UNK,UNK,O,M,eng
g,UNK,UNK,O,M,eng
y,UNK,UNK,O,E,eng
SPACE,UNK,UNK,O,S,x
m,UNK,UNK,O,B,eng
a,UNK,UNK,O,M,eng
y,UNK,UNK,O,E,eng
SPACE,UNK,UNK,O,S,x
b,UNK,UNK,O,B,eng
e,UNK,UNK,O,E,eng
SPACE,UNK,UNK,O,S,x
u,UNK,UNK,O,B,eng
s,UNK,UNK,O,M,eng
e,UNK,UNK,O,M,eng
d,UNK,UNK,O,E,eng
SPACE,UNK,UNK,O,S,x
a,UNK,UNK,O,B,eng
s,UNK,UNK,O,E,eng
SPACE,UNK,UNK,O,S,x
a,UNK,UNK,O,S,x
SPACE,UNK,UNK,O,S,x
n,UNK,UNK,O,B,eng
e,UNK,UNK,O,M,eng
w,UNK,UNK,O,E,eng
SPACE,UNK,UNK,O,S,x
s,UNK,UNK,O,B,eng
t,UNK,UNK,O,M,eng
r,UNK,UNK,O,M,eng
a,UNK,UNK,O,M,eng
t,UNK,UNK,O,M,eng
e,UNK,UNK,O,M,eng
g,UNK,UNK,O,M,eng
y,UNK,UNK,O,E,eng
SPACE,UNK,UNK,O,S,x
o,UNK,UNK,O,B,eng
f,UNK,UNK,O,E,eng
LB,UNK,UNK,O,S,x
g,UNK,UNK,O,B,eng
e,UNK,UNK,O,M,eng
n,UNK,UNK,O,M,eng
e,UNK,UNK,O,E,eng
SPACE,UNK,UNK,O,S,x
t,UNK,UNK,O,B,eng
h,UNK,UNK,O,M,eng
e,UNK,UNK,O,M,eng
r,UNK,UNK,O,M,eng
a,UNK,UNK,O,M,eng
p,UNK,UNK,O,M,eng
y,UNK,UNK,O,E,eng
SPACE,UNK,UNK,O,S,x
f,UNK,UNK,O,B,eng
o,UNK,UNK,O,M,eng
r,UNK,UNK,O,E,eng
SPACE,UNK,UNK,O,S,x
d,UNK,UNK,O,B,eng
i,UNK,UNK,O,M,eng
a,UNK,UNK,O,M,eng
b,UNK,UNK,O,M,eng
e,UNK,UNK,O,M,eng
t,UNK,UNK,O,M,eng
e,UNK,UNK,O,M,eng
s,UNK,UNK,O,E,eng
SPACE,UNK,UNK,O,S,x
m,UNK,UNK,O,B,eng
e,UNK,UNK,O,M,eng
l,UNK,UNK,O,M,eng
l,UNK,UNK,O,M,eng
i,UNK,UNK,O,M,eng
t,UNK,UNK,O,M,eng
u,UNK,UNK,O,M,eng
s,UNK,UNK,O,E,eng
.,UNK,UNK,O,S,m
sep,sep,sep,sep,sep,sep
LB,UNK,UNK,O,S,x
[,UNK,UNK,O,S,x
K,UNK,UNK,O,B,eng
e,UNK,UNK,O,M,eng
y,UNK,UNK,O,E,eng
SPACE,UNK,UNK,O,S,x
w,UNK,UNK,O,B,eng
o,UNK,UNK,O,M,eng
r,UNK,UNK,O,M,eng
d,UNK,UNK,O,M,eng
s,UNK,UNK,O,E,eng
],UNK,UNK,O,S,x
SPACE,UNK,UNK,O,S,x
SPACE,UNK,UNK,O,S,x
A,UNK,UNK,O,B,eng
n,UNK,UNK,O,M,eng
g,UNK,UNK,O,M,eng
i,UNK,UNK,O,M,eng
o,UNK,UNK,O,M,eng
t,UNK,UNK,O,M,eng
e,UNK,UNK,O,M,eng
n,UNK,UNK,O,M,eng
s,UNK,UNK,O,M,eng
i,UNK,UNK,O,M,eng
n,UNK,UNK,O,E,eng
-,UNK,UNK,O,S,x
c,UNK,UNK,O,B,eng
o,UNK,UNK,O,M,eng
n,UNK,UNK,O,M,eng
v,UNK,UNK,O,M,eng
e,UNK,UNK,O,M,eng
r,UNK,UNK,O,M,eng
t,UNK,UNK,O,M,eng
i,UNK,UNK,O,M,eng
n,UNK,UNK,O,M,eng
g,UNK,UNK,O,E,eng
SPACE,UNK,UNK,O,S,x
e,UNK,UNK,O,B,eng
n,UNK,UNK,O,M,eng
z,UNK,UNK,O,M,eng
y,UNK,UNK,O,M,eng
m,UNK,UNK,O,M,eng
e,UNK,UNK,O,E,eng
;,UNK,UNK,O,S,x
sep,sep,sep,sep,sep,sep
SPACE,UNK,UNK,O,S,x
R,UNK,UNK,O,B,eng
N,UNK,UNK,O,M,eng
A,UNK,UNK,O,E,eng
SPACE,UNK,UNK,O,S,x
i,UNK,UNK,O,B,eng
n,UNK,UNK,O,M,eng
t,UNK,UNK,O,M,eng
e,UNK,UNK,O,M,eng
r,UNK,UNK,O,M,eng
f,UNK,UNK,O,M,eng
e,UNK,UNK,O,M,eng
r,UNK,UNK,O,M,eng
e,UNK,UNK,O,M,eng
n,UNK,UNK,O,M,eng
c,UNK,UNK,O,M,eng
e,UNK,UNK,O,E,eng
;,UNK,UNK,O,S,x
sep,sep,sep,sep,sep,sep
SPACE,UNK,UNK,O,S,x
D,UNK,UNK,O,B,eng
i,UNK,UNK,O,M,eng
a,UNK,UNK,O,M,eng
b,UNK,UNK,O,M,eng
e,UNK,UNK,O,M,eng
t,UNK,UNK,O,M,eng
e,UNK,UNK,O,M,eng
s,UNK,UNK,O,E,eng
SPACE,UNK,UNK,O,S,x
m,UNK,UNK,O,B,eng
e,UNK,UNK,O,M,eng
l,UNK,UNK,O,M,eng
l,UNK,UNK,O,M,eng
i,UNK,UNK,O,M,eng
t,UNK,UNK,O,M,eng
u,UNK,UNK,O,M,eng
s,UNK,UNK,O,E,eng
;,UNK,UNK,O,S,x
sep,sep,sep,sep,sep,sep
SPACE,UNK,UNK,O,S,x
R,UNK,UNK,O,B,eng
a,UNK,UNK,O,M,eng
t,UNK,UNK,O,M,eng
s,UNK,UNK,O,E,eng
LB,UNK,UNK,O,S,x
(,UNK,UNK,O,S,x
C,UNK,UNK,O,B,eng
h,UNK,UNK,O,M,eng
i,UNK,UNK,O,M,eng
n,UNK,UNK,O,E,eng
SPACE,UNK,UNK,O,S,x
J,UNK,UNK,O,S,x
SPACE,UNK,UNK,O,S,x
E,UNK,UNK,O,B,eng
n,UNK,UNK,O,M,eng
d,UNK,UNK,O,M,eng
o,UNK,UNK,O,M,eng
c,UNK,UNK,O,M,eng
r,UNK,UNK,O,M,eng
i,UNK,UNK,O,M,eng
n,UNK,UNK,O,M,eng
o,UNK,UNK,O,M,eng
l,UNK,UNK,O,E,eng
SPACE,UNK,UNK,O,S,x
M,UNK,UNK,O,B,eng
e,UNK,UNK,O,M,eng
t,UNK,UNK,O,M,eng
a,UNK,UNK,O,M,eng
b,UNK,UNK,O,E,eng
",",UNK,UNK,O,S,x
sep,sep,sep,sep,sep,sep
SPACE,UNK,UNK,O,S,x
num,UNK,UNK,O,B,m
num,UNK,UNK,O,M,m
num,UNK,UNK,O,M,m
num,UNK,UNK,O,E,m
",",UNK,UNK,O,S,x
SPACE,UNK,UNK,O,S,x
num,UNK,UNK,O,B,m
num,UNK,UNK,O,E,m
:,UNK,UNK,O,S,x
SPACE,UNK,UNK,O,S,x
num,UNK,UNK,O,B,m
num,UNK,UNK,O,M,m
num,UNK,UNK,O,E,m
-,UNK,UNK,O,S,x
num,UNK,UNK,O,B,m
num,UNK,UNK,O,M,m
num,UNK,UNK,O,E,m
),UNK,UNK,O,S,x
LB,UNK,UNK,O,S,x
一,一,yī,O,S,m
SPACE,UNK,UNK,O,S,x
直,目,zhí,O,S,d
SPACE,UNK,UNK,O,S,x
以,人,yǐ,O,S,p
SPACE,UNK,UNK,O,S,x
来,木,lái,O,S,v
",",UNK,UNK,O,S,x
sep,sep,sep,sep,sep,sep
SPACE,UNK,UNK,O,S,x
肾,月,shèn,B-Anatomy,S,zg
SPACE,UNK,UNK,I-Anatomy,S,x
素,糸,sù,I-Anatomy,S,n
-,UNK,UNK,I-Anatomy,S,x
血,血,xiě,I-Anatomy,S,n
SPACE,UNK,UNK,I-Anatomy,S,x
管,竹,guǎn,I-Anatomy,S,vn
SPACE,UNK,UNK,I-Anatomy,S,x
紧,糸,jǐn,I-Anatomy,S,a
SPACE,UNK,UNK,I-Anatomy,S,x
张,弓,zhāng,I-Anatomy,S,q
SPACE,UNK,UNK,I-Anatomy,S,x
素,糸,sù,I-Anatomy,S,n
SPACE,UNK,UNK,I-Anatomy,S,x
系,糸,xì,I-Anatomy,S,v
SPACE,UNK,UNK,I-Anatomy,S,x
统,纟,tǒng,I-Anatomy,S,v
SPACE,UNK,UNK,O,S,x
(,UNK,UNK,O,S,x
SPACE,UNK,UNK,O,S,x
r,UNK,UNK,O,B,eng
e,UNK,UNK,O,M,eng
n,UNK,UNK,O,M,eng
i,UNK,UNK,O,M,eng
n,UNK,UNK,O,E,eng
-,UNK,UNK,O,S,x
LB,UNK,UNK,O,S,x
a,UNK,UNK,O,B,eng
n,UNK,UNK,O,M,eng
g,UNK,UNK,O,M,eng
i,UNK,UNK,O,M,eng
o,UNK,UNK,O,M,eng
t,UNK,UNK,O,M,eng
e,UNK,UNK,O,M,eng
n,UNK,UNK,O,M,eng
s,UNK,UNK,O,M,eng
i,UNK,UNK,O,M,eng
n,UNK,UNK,O,E,eng
SPACE,UNK,UNK,O,S,x
s,UNK,UNK,O,B,eng
y,UNK,UNK,O,M,eng
s,UNK,UNK,O,M,eng
t,UNK,UNK,O,M,eng
e,UNK,UNK,O,M,eng
m,UNK,UNK,O,E,eng
",",UNK,UNK,O,S,x
sep,sep,sep,sep,sep,sep
R,UNK,UNK,O,B,eng
A,UNK,UNK,O,M,eng
S,UNK,UNK,O,E,eng
),UNK,UNK,O,S,x
被,衤,bèi,O,S,p
作,亻,zuò,O,B,v
为,丶,wéi,O,E,v
重,里,zhòng,O,B,a
要,覀,yào,O,E,a
的,白,dí,O,S,uj
血,血,xiě,O,B,n
压,厂,yā,O,E,n
调,讠,tiáo,O,B,vn
节,艹,jié,O,E,vn
系,糸,xì,O,B,n
统,纟,tǒng,O,E,n
LB,UNK,UNK,O,S,x
进,辶,jìn,O,B,v
行,行,háng,O,E,v
研,石,yán,O,B,vn
究,穴,jiū,O,E,vn
",",UNK,UNK,O,S,x
sep,sep,sep,sep,sep,sep
新,斤,xīn,O,B,t
近,辶,jìn,O,E,t
一,一,yī,O,B,m
些,二,xiē,O,E,m
大,大,dà,O,B,b
型,土,xíng,O,E,b
临,丨,lín,O,B,vn
床,广,chuáng,O,E,vn
研,石,yán,O,B,vn
究,穴,jiū,O,E,vn
发,又,fā,O,B,v
现,见,xiàn,O,E,v
",",UNK,UNK,O,S,x
sep,sep,sep,sep,sep,sep
R,UNK,UNK,B-Anatomy,B,eng
A,UNK,UNK,I-Anatomy,M,eng
S,UNK,UNK,I-Anatomy,E,eng
SPACE,UNK,UNK,O,S,x
对,寸,duì,O,S,p
糖,米,táng,O,B,n
代,亻,dài,O,E,n
LB,UNK,UNK,O,S,x
谢,讠,xiè,O,S,v
也,乙,yě,O,S,d
有,月,yǒu,O,S,v
重,里,zhòng,O,B,a
要,覀,yào,O,E,a
作,亻,zuò,O,B,v
用,用,yòng,O,E,v
",",UNK,UNK,O,S,x
sep,sep,sep,sep,sep,sep
R,UNK,UNK,B-Drug,B,eng
A,UNK,UNK,I-Drug,M,eng
S,UNK,UNK,I-Drug,E,eng
SPACE,UNK,UNK,I-Drug,S,x
阻,阝,zǔ,I-Drug,B,n
断,斤,duàn,I-Drug,M,n
剂,刂,jì,I-Drug,E,n
不,一,bù,O,B,c
仅,亻,jǐn,O,E,c
可,口,kě,O,B,c
以,人,yǐ,O,E,c
减,冫,jiǎn,O,B,v
少,小,shǎo,O,E,v
心,心,xīn,B-Disease,B,n
血,血,xiě,I-Disease,M,n
管,竹,guǎn,I-Disease,E,n
事,亅,shì,I-Disease,S,n
LB,UNK,UNK,I-Disease,S,x
件,亻,jiàn,I-Disease,S,zg
",",UNK,UNK,O,S,x
sep,sep,sep,sep,sep,sep
还,辶,huán,O,S,d
可,口,kě,O,B,c
以,人,yǐ,O,E,c
使,亻,shǐ,O,S,v
高,高,gāo,B-Disease,B,n
血,血,xiě,I-Disease,M,n
压,厂,yā,I-Disease,E,n
患,心,huàn,O,B,n
者,耂,zhě,O,E,n
和,口,hé,O,S,c
有,月,yǒu,O,S,v
糖,米,táng,B-Disease,B,n
尿,尸,niào,I-Disease,M,n
病,疒,bìng,I-Disease,E,n
危,㔾,wēi,O,B,an
险,阝,xiǎn,O,E,an
的,白,dí,O,S,uj
患,心,huàn,O,B,n
者,耂,zhě,O,E,n
新,斤,xīn,O,S,a
发,又,fā,O,S,v
LB,UNK,UNK,O,S,x
糖,米,táng,B-Disease,B,n
尿,尸,niào,I-Disease,M,n
病,疒,bìng,I-Disease,E,n
的,白,dí,O,S,uj
发,又,fā,O,B,n
病,疒,bìng,O,M,n
率,玄,shuài,O,E,n
下,一,xià,O,B,v
降,阝,jiàng,O,E,v
[,UNK,UNK,O,S,x
num,UNK,UNK,O,S,x
-,UNK,UNK,O,S,x
num,UNK,UNK,O,S,x
],UNK,UNK,O,S,x
。,UNK,UNK,O,S,x
sep,sep,sep,sep,sep,sep
SPACE,UNK,UNK,O,S,x
目,目,mù,O,B,t
前,刂,qián,O,E,t
研,石,yán,O,B,vn
究,穴,jiū,O,E,vn
已,己,yǐ,O,B,d
经,纟,jīng,O,E,d
证,讠,zhèng,O,B,n
实,宀,shí,O,E,n
胰,月,yí,B-Anatomy,B,n
腺,月,xiàn,I-Anatomy,E,n
中,丨,zhōng,O,S,f
LB,UNK,UNK,O,S,x
也,乙,yě,O,S,d
存,子,cún,O,B,v
在,土,zài,O,E,v
局,尸,jú,O,B,n
部,阝,bù,O,E,n
的,白,dí,O,S,uj
SPACE,UNK,UNK,O,S,x
R,UNK,UNK,B-Anatomy,B,eng
A,UNK,UNK,I-Anatomy,M,eng
S,UNK,UNK,I-Anatomy,E,eng
[,UNK,UNK,O,S,x
num,UNK,UNK,O,S,x
],UNK,UNK,O,S,x
",",UNK,UNK,O,S,x
sep,sep,sep,sep,sep,sep
那,阝,nà,O,B,r
么,丿,mó,O,E,r
",",UNK,UNK,O,S,x
R,UNK,UNK,B-Anatomy,B,eng
A,UNK,UNK,I-Anatomy,M,eng
S,UNK,UNK,I-Anatomy,E,eng
SPACE,UNK,UNK,O,S,x
在,土,zài,O,S,p
SPACE,UNK,UNK,O,S,x
num,UNK,UNK,B-Disease,S,x
SPACE,UNK,UNK,I-Disease,S,x
型,土,xíng,I-Disease,S,k
糖,米,táng,I-Disease,B,n
尿,尸,niào,I-Disease,M,n
病,疒,bìng,I-Disease,E,n
的,白,dí,O,S,uj
发,又,fā,O,S,vn
LB,UNK,UNK,O,S,x
生,生,shēng,O,S,v
和,口,hé,O,S,c
发,又,fā,O,B,vn
展,尸,zhǎn,O,E,vn
过,辶,guò,O,B,n
程,禾,chéng,O,E,n
中,丨,zhōng,O,S,f
究,穴,jiū,O,B,d
竟,立,jìng,O,E,d
扮,扌,bàn,O,B,v
演,氵,yǎn,O,E,v
什,亻,shí,O,B,r
么,丿,mó,O,M,r
样,木,yàng,O,E,r
的,白,dí,O,S,uj
角,角,jiǎo,O,B,n
色,色,sè,O,E,n
呢,口,ní,O,S,y
?,UNK,UNK,O,S,x
sep,sep,sep,sep,sep,sep
LB,UNK,UNK,O,S,x
R,UNK,UNK,B-Treatment,B,eng
N,UNK,UNK,I-Treatment,M,eng
A,UNK,UNK,I-Treatment,E,eng
SPACE,UNK,UNK,I-Treatment,S,x
干,干,gān,I-Treatment,B,v
扰,扌,rǎo,I-Treatment,E,v
(,UNK,UNK,O,S,x
R,UNK,UNK,O,B,eng
N,UNK,UNK,O,M,eng
A,UNK,UNK,O,E,eng
SPACE,UNK,UNK,O,S,x
i,UNK,UNK,O,B,eng
n,UNK,UNK,O,M,eng
t,UNK,UNK,O,M,eng
e,UNK,UNK,O,M,eng
r,UNK,UNK,O,M,eng
f,UNK,UNK,O,M,eng
e,UNK,UNK,O,M,eng
r,UNK,UNK,O,M,eng
e,UNK,UNK,O,M,eng
n,UNK,UNK,O,M,eng
c,UNK,UNK,O,M,eng
e,UNK,UNK,O,E,eng
",",UNK,UNK,O,S,x
sep,sep,sep,sep,sep,sep
SPACE,UNK,UNK,O,S,x
R,UNK,UNK,O,B,eng
N,UNK,UNK,O,M,eng
A,UNK,UNK,O,M,eng
i,UNK,UNK,O,E,eng
),UNK,UNK,O,S,x
是,日,shì,O,S,v
一,一,yī,O,B,m
种,禾,zhǒng,O,E,m
快,忄,kuài,O,B,d
速,辶,sù,O,E,d
、,UNK,UNK,O,S,x
LB,UNK,UNK,O,S,x
特,牜,tè,O,B,a
异,廾,yì,O,E,a
、,UNK,UNK,O,S,x
SPACE,UNK,UNK,O,S,x
高,高,gāo,O,B,a
效,攵,xiào,O,E,a
、,UNK,UNK,O,S,x
SPACE,UNK,UNK,O,S,x
持,扌,chí,O,B,a
久,丿,jiǔ,O,E,a
的,白,dí,O,S,uj
基,土,jī,O,B,n
因,囗,yīn,O,E,n
阻,阝,zǔ,O,B,v
断,斤,duàn,O,E,v
技,扌,jì,O,B,n
术,木,shù,O,E,n
",",UNK,UNK,O,S,x
sep,sep,sep,sep,sep,sep
SPACE,UNK,UNK,O,S,x
本,木,běn,O,S,r
研,石,yán,O,B,vn
究,穴,jiū,O,E,vn
采,采,cǎi,O,B,v
用,用,yòng,O,E,v
LB,UNK,UNK,O,S,x
R,UNK,UNK,O,B,eng
N,UNK,UNK,O,M,eng
A,UNK,UNK,O,M,eng
i,UNK,UNK,O,E,eng
SPACE,UNK,UNK,O,S,x
技,扌,jì,O,B,n
术,木,shù,O,E,n
",",UNK,UNK,O,S,x
sep,sep,sep,sep,sep,sep
以,人,yǐ,O,S,p
SPACE,UNK,UNK,O,S,x
R,UNK,UNK,B-Anatomy,B,eng
A,UNK,UNK,I-Anatomy,M,eng
S,UNK,UNK,I-Anatomy,E,eng
SPACE,UNK,UNK,O,S,x
的,白,dí,O,S,uj
重,里,zhòng,O,B,a
要,覀,yào,O,E,a
组,纟,zǔ,O,B,n
分,刀,fēn,O,E,n
血,血,xiě,B-Anatomy,B,n
管,竹,guǎn,I-Anatomy,E,n
紧,糸,jǐn,I-Anatomy,B,a
张,弓,zhāng,I-Anatomy,E,a
素,糸,sù,I-Anatomy,S,n
转,车,zhuǎn,I-Anatomy,B,v
换,扌,huàn,I-Anatomy,E,v
酶,酉,méi,I-Anatomy,S,n
LB,UNK,UNK,O,S,x
(,UNK,UNK,O,S,x
a,UNK,UNK,O,B,eng
n,UNK,UNK,O,M,eng
g,UNK,UNK,O,M,eng
i,UNK,UNK,O,M,eng
o,UNK,UNK,O,M,eng
t,UNK,UNK,O,M,eng
e,UNK,UNK,O,M,eng
n,UNK,UNK,O,M,eng
s,UNK,UNK,O,M,eng
i,UNK,UNK,O,M,eng
n,UNK,UNK,O,E,eng
-,UNK,UNK,O,S,x
c,UNK,UNK,O,B,eng
o,UNK,UNK,O,M,eng
n,UNK,UNK,O,M,eng
v,UNK,UNK,O,M,eng
e,UNK,UNK,O,M,eng
r,UNK,UNK,O,M,eng
t,UNK,UNK,O,M,eng
i,UNK,UNK,O,M,eng
n,UNK,UNK,O,M,eng
g,UNK,UNK,O,E,eng
SPACE,UNK,UNK,O,S,x
e,UNK,UNK,O,B,eng
n,UNK,UNK,O,M,eng
z,UNK,UNK,O,M,eng
y,UNK,UNK,O,M,eng
m,UNK,UNK,O,M,eng
e,UNK,UNK,O,E,eng
",",UNK,UNK,O,S,x
sep,sep,sep,sep,sep,sep
A,UNK,UNK,O,B,eng
C,UNK,UNK,O,M,eng
E,UNK,UNK,O,E,eng
),UNK,UNK,O,S,x
为,丶,wéi,O,S,p
靶,革,bǎ,O,B,n
点,灬,diǎn,O,E,n
",",UNK,UNK,O,S,x
设,讠,shè,O,B,vn
计,讠,jì,O,E,vn
靶,革,bǎ,O,B,n
向,口,xiàng,O,E,n
LB,UNK,UNK,O,S,x
抑,扌,yì,O,B,v
制,刂,zhì,O,E,v
SPACE,UNK,UNK,O,S,x
A,UNK,UNK,B-Anatomy,B,eng
C,UNK,UNK,I-Anatomy,M,eng
E,UNK,UNK,I-Anatomy,E,eng
SPACE,UNK,UNK,I-Anatomy,S,x
基,土,jī,I-Anatomy,B,n
因,囗,yīn,I-Anatomy,E,n
表,衣,biǎo,O,B,v
达,辶,dá,O,E,v
的,白,dí,O,S,uj
小,小,xiǎo,O,S,n
干,干,gān,O,B,v
扰,扌,rǎo,O,E,v
SPACE,UNK,UNK,O,S,x
R,UNK,UNK,O,B,eng
N,UNK,UNK,O,M,eng
A,UNK,UNK,O,E,eng
",",UNK,UNK,O,S,x
sep,sep,sep,sep,sep,sep
注,氵,zhù,B-Method,B,v
射,寸,shè,I-Method,E,v
入,入,rù,O,S,v
SPACE,UNK,UNK,O,S,x
num,UNK,UNK,B-Disease,S,x
SPACE,UNK,UNK,I-Disease,S,x
型,土,xíng,I-Disease,S,k
糖,米,táng,I-Disease,B,n
尿,尸,niào,I-Disease,M,n
病,疒,bìng,I-Disease,E,n
LB,UNK,UNK,O,S,x
大,大,dà,O,B,n
鼠,鼠,shǔ,O,E,n
",",UNK,UNK,O,S,x
sep,sep,sep,sep,sep,sep
观,见,guān,O,B,v
察,宀,chá,O,E,v
其,八,qí,O,S,r
对,寸,duì,O,S,p
血,血,xiě,B-Test,B,n
糖,米,táng,I-Test,E,n
、,UNK,UNK,O,S,x
胰,月,yí,B-Test,B,n
岛,山,dǎo,I-Test,M,n
素,糸,sù,I-Test,E,n
抵,扌,dǐ,I-Test,B,vn
抗,扌,kàng,I-Test,E,vn
、,UNK,UNK,O,S,x
胰,月,yí,B-Test,B,n
腺,月,xiàn,I-Test,E,n
氧,气,yǎng,I-Test,B,n
化,亻,huà,I-Test,M,n
应,广,yīng,I-Test,M,n
激,氵,jī,I-Test,E,n
的,白,dí,O,S,uj
影,彡,yǐng,O,S,vn
LB,UNK,UNK,O,S,x
响,口,xiǎng,O,S,zg
",",UNK,UNK,O,S,x
sep,sep,sep,sep,sep,sep
进,辶,jìn,O,B,d
一,一,yī,O,M,d
步,止,bù,O,E,d
揭,扌,jiē,O,B,v
示,示,shì,O,E,v
SPACE,UNK,UNK,O,S,x
R,UNK,UNK,B-Anatomy,B,eng
A,UNK,UNK,I-Anatomy,M,eng
S,UNK,UNK,I-Anatomy,E,eng
SPACE,UNK,UNK,O,S,x
对,寸,duì,O,S,p
SPACE,UNK,UNK,O,S,x
num,UNK,UNK,B-Disease,S,x
SPACE,UNK,UNK,I-Disease,S,x
型,土,xíng,I-Disease,S,k
糖,米,táng,I-Disease,B,n
尿,尸,niào,I-Disease,M,n
病,疒,bìng,I-Disease,E,n
的,白,dí,O,S,uj
具,八,jù,O,B,a
体,亻,tǐ,O,E,a
作,亻,zuò,O,B,v
用,用,yòng,O,E,v
机,木,jī,O,B,n
制,刂,zhì,O,E,n
",",UNK,UNK,O,S,x
sep,sep,sep,sep,sep,sep
LB,UNK,UNK,O,S,x
并,干,bìng,O,B,c
为,丶,wéi,O,E,c
从,人,cóng,O,S,p
转,车,zhuǎn,O,B,v
录,彐,lù,O,E,v
后,口,hòu,O,S,f
水,水,shuǐ,O,B,n
平,干,píng,O,E,n
防,阝,fáng,O,B,v
治,氵,zhì,O,E,v
糖,米,táng,B-Disease,B,n
尿,尸,niào,I-Disease,M,n
病,疒,bìng,I-Disease,E,n
探,扌,tàn,O,B,v
索,糸,suǒ,O,E,v
一,一,yī,O,B,m
种,禾,zhǒng,O,E,m
切,刀,qiē,O,B,l
实,宀,shí,O,M,l
有,月,yǒu,O,M,l
效,攵,xiào,O,E,l
的,白,dí,O,S,uj
基,土,jī,O,S,n
LB,UNK,UNK,O,S,x
因,囗,yīn,O,S,p
疗,疒,liáo,O,B,n
法,氵,fǎ,O,E,n
。,UNK,UNK,O,S,x
sep,sep,sep,sep,sep,sep
LB,UNK,UNK,O,S,x
材,木,cái,O,B,n
料,斗,liào,O,E,n
和,口,hé,O,S,c
方,方,fāng,O,B,n
法,氵,fǎ,O,E,n
LB,UNK,UNK,O,S,x
一,一,yī,O,S,m
sep,sep,sep,sep,sep,sep
、,UNK,UNK,O,S,x
SPACE,UNK,UNK,O,S,x
材,木,cái,O,B,n
料,斗,liào,O,E,n
LB,UNK,UNK,O,S,x
健,亻,jiàn,O,B,a
康,广,kāng,O,E,a
雄,隹,xióng,O,B,n
性,忄,xìng,O,E,n
SPACE,UNK,UNK,O,S,x
W,UNK,UNK,O,B,eng
i,UNK,UNK,O,M,eng
s,UNK,UNK,O,M,eng
t,UNK,UNK,O,M,eng
a,UNK,UNK,O,M,eng
r,UNK,UNK,O,E,eng
SPACE,UNK,UNK,O,S,x
大,大,dà,O,B,n
鼠,鼠,shǔ,O,E,n
",",UNK,UNK,O,S,x
sep,sep,sep,sep,sep,sep
体,亻,tǐ,B-Test,B,n
重,里,zhòng,I-Test,E,n
SPACE,UNK,UNK,O,S,x
num,UNK,UNK,B-Test_Value,B,m
num,UNK,UNK,I-Test_Value,M,m
num,UNK,UNK,I-Test_Value,E,m
SPACE,UNK,UNK,I-Test_Value,S,x
~,UNK,UNK,I-Test_Value,S,x
SPACE,UNK,UNK,I-Test_Value,S,x
num,UNK,UNK,I-Test_Value,B,m
num,UNK,UNK,I-Test_Value,M,m
num,UNK,UNK,I-Test_Value,E,m
SPACE,UNK,UNK,I-Test_Value,S,x
g,UNK,UNK,I-Test_Value,S,x
",",UNK,UNK,O,S,x
sep,sep,sep,sep,sep,sep
由,田,yóu,O,S,p
山,山,shān,O,S,ns
西,覀,xī,O,B,nr
医,匚,yī,O,E,nr
LB,UNK,UNK,O,S,x
科,禾,kē,O,S,n
大,大,dà,O,B,n
学,子,xué,O,E,n
实,宀,shí,O,B,vn
验,马,yàn,O,E,vn
动,力,dòng,O,B,n
物,牜,wù,O,E,n
中,丨,zhōng,O,B,n
心,心,xīn,O,E,n
提,扌,tí,O,B,v
供,亻,gōng,O,E,v
。,UNK,UNK,O,S,x
sep,sep,sep,sep,sep,sep
SPACE,UNK,UNK,O,S,x
表,衣,biǎo,O,B,v
达,辶,dá,O,E,v
SPACE,UNK,UNK,O,S,x
A,UNK,UNK,O,B,eng
C,UNK,UNK,O,M,eng
E,UNK,UNK,O,E,eng
SPACE,UNK,UNK,O,S,x
特,牜,tè,O,B,a
异,廾,yì,O,E,a
短,矢,duǎn,O,B,b
发,又,fā,O,E,b
夹,大,jiā,O,S,n
LB,UNK,UNK,O,S,x
R,UNK,UNK,O,B,eng
N,UNK,UNK,O,M,eng
A,UNK,UNK,O,E,eng
(,UNK,UNK,O,S,x
SPACE,UNK,UNK,O,S,x
s,UNK,UNK,O,B,eng
h,UNK,UNK,O,M,eng
o,UNK,UNK,O,M,eng
r,UNK,UNK,O,M,eng
t,UNK,UNK,O,E,eng
SPACE,UNK,UNK,O,S,x
h,UNK,UNK,O,B,eng
a,UNK,UNK,O,M,eng
i,UNK,UNK,O,M,eng
r,UNK,UNK,O,M,eng
p,UNK,UNK,O,M,eng
i,UNK,UNK,O,M,eng
n,UNK,UNK,O,E,eng
SPACE,UNK,UNK,O,S,x
R,UNK,UNK,O,B,eng
N,UNK,UNK,O,M,eng
A,UNK,UNK,O,E,eng
",",UNK,UNK,O,S,x
sep,sep,sep,sep,sep,sep
SPACE,UNK,UNK,O,S,x
s,UNK,UNK,O,B,eng
h,UNK,UNK,O,M,eng
R,UNK,UNK,O,M,eng
N,UNK,UNK,O,M,eng
A,UNK,UNK,O,E,eng
),UNK,UNK,O,S,x
的,白,dí,O,S,uj
重,里,zhòng,O,B,vn
组,纟,zǔ,O,E,vn
腺,月,xiàn,O,B,n
病,疒,bìng,O,M,n
毒,母,dú,O,E,n
载,车,zǎi,O,B,n
体,亻,tǐ,O,E,n
LB,UNK,UNK,O,S,x
A,UNK,UNK,O,B,eng
d,UNK,UNK,O,M,eng
num,UNK,UNK,O,E,eng
-,UNK,UNK,O,S,x
A,UNK,UNK,O,B,eng
C,UNK,UNK,O,M,eng
E,UNK,UNK,O,E,eng
-,UNK,UNK,O,S,x
s,UNK,UNK,O,B,eng
h,UNK,UNK,O,M,eng
R,UNK,UNK,O,M,eng
N,UNK,UNK,O,M,eng
A,UNK,UNK,O,E,eng
SPACE,UNK,UNK,O,S,x
和,口,hé,O,S,c
对,寸,duì,O,B,p
照,灬,zhào,O,E,p
腺,月,xiàn,O,B,n
病,疒,bìng,O,M,n
毒,母,dú,O,E,n
SPACE,UNK,UNK,O,S,x
A,UNK,UNK,O,B,eng
d,UNK,UNK,O,M,eng
num,UNK,UNK,O,E,eng
",",UNK,UNK,O,S,x
sep,sep,sep,sep,sep,sep
SPACE,UNK,UNK,O,S,x
感,心,gǎn,O,B,n
染,木,rǎn,O,M,n
性,忄,xìng,O,E,n
滴,氵,dī,O,B,n
度,广,dù,O,E,n
LB,UNK,UNK,O,S,x
(,UNK,UNK,O,S,x
T,UNK,UNK,O,B,eng
C,UNK,UNK,O,M,eng
I,UNK,UNK,O,M,eng
D,UNK,UNK,O,E,eng
SPACE,UNK,UNK,O,S,x
num,UNK,UNK,O,B,m
num,UNK,UNK,O,E,m
SPACE,UNK,UNK,O,S,x
/,UNK,UNK,O,S,x
SPACE,UNK,UNK,O,S,x
m,UNK,UNK,O,B,eng
l,UNK,UNK,O,E,eng
),UNK,UNK,O,S,x
分,刀,fēn,O,B,d
别,刂,bié,O,E,d
为,丶,wéi,O,S,p
SPACE,UNK,UNK,O,S,x
num,UNK,UNK,O,S,x
×,UNK,UNK,O,S,x
num,UNK,UNK,O,B,m
num,UNK,UNK,O,M,m
num,UNK,UNK,O,E,m
、,UNK,UNK,O,S,x
num,UNK,UNK,O,B,m
.,UNK,UNK,O,E,m
SPACE,UNK,UNK,O,S,x
num,UNK,UNK,O,S,x
×,UNK,UNK,O,S,x
num,UNK,UNK,O,B,m
num,UNK,UNK,O,M,m
num,UNK,UNK,O,E,m
",",UNK,UNK,O,S,x
sep,sep,sep,sep,sep,sep
均,土,jūn,O,S,d
由,田,yóu,O,S,p
北,匕,běi,O,B,ns
京,亠,jīng,O,E,ns
本,木,běn,O,S,r
元,二,yuán,O,S,m
LB,UNK,UNK,O,S,x
正,止,zhèng,O,B,ns
阳,阝,yáng,O,E,ns
基,土,jī,O,B,n
因,囗,yīn,O,E,n
公,八,gōng,O,B,n
司,口,sī,O,E,n
构,木,gòu,O,B,v
建,廴,jiàn,O,E,v
合,口,hé,O,B,v
成,戈,chéng,O,E,v
。,UNK,UNK,O,S,x
sep,sep,sep,sep,sep,sep
SPACE,UNK,UNK,O,S,x
A,UNK,UNK,O,B,eng
C,UNK,UNK,O,M,eng
E,UNK,UNK,O,E,eng
SPACE,UNK,UNK,O,S,x
和,口,hé,O,S,c
SPACE,UNK,UNK,O,S,x
A,UNK,UNK,O,B,eng
n,UNK,UNK,O,M,eng
g,UNK,UNK,O,E,eng
SPACE,UNK,UNK,O,S,x
num,UNK,UNK,O,S,m
酶,酉,méi,O,S,n
联,耳,lián,O,S,v
免,刀,miǎn,O,B,v
疫,疒,yì,O,E,v
吸,口,xī,O,S,v
LB,UNK,UNK,O,S,x
附,阝,fù,O,S,v
测,氵,cè,O,B,vn
试,讠,shì,O,E,vn
盒,皿,hé,O,S,q
(,UNK,UNK,O,S,x
美,八,měi,O,B,ns
国,囗,guó,O,E,ns
SPACE,UNK,UNK,O,S,x
A,UNK,UNK,O,B,eng
D,UNK,UNK,O,M,eng
L,UNK,UNK,O,E,eng
SPACE,UNK,UNK,O,S,x
公,八,gōng,O,B,n
司,口,sī,O,E,n
),UNK,UNK,O,S,x
",",UNK,UNK,O,S,x
sep,sep,sep,sep,sep,sep
总,心,zǒng,O,S,b
SPACE,UNK,UNK,O,S,x
R,UNK,UNK,O,B,eng
N,UNK,UNK,O,M,eng
A,UNK,UNK,O,E,eng
SPACE,UNK,UNK,O,S,x
抽,扌,chōu,O,B,v
提,扌,tí,O,E,v
试,讠,shì,O,B,n
剂,刂,jì,O,M,n
盒,皿,hé,O,E,n
、,UNK,UNK,O,S,x
P,UNK,UNK,B-Test,B,eng
C,UNK,UNK,I-Test,M,eng
R,UNK,UNK,I-Test,E,eng
LB,UNK,UNK,O,S,x
引,弓,yǐn,O,B,n
物,牜,wù,O,E,n
合,口,hé,O,B,v
成,戈,chéng,O,E,v
(,UNK,UNK,O,S,x
上,一,shàng,O,B,ns
海,氵,hǎi,O,E,ns
生,生,shēng,O,B,vn
工,工,gōng,O,E,vn
),UNK,UNK,O,S,x
",",UNK,UNK,O,S,x
sep,sep,sep,sep,sep,sep
小,小,xiǎo,O,B,n
鼠,鼠,shǔ,O,E,n
抗,扌,kàng,O,S,v
SPACE,UNK,UNK,O,S,x
A,UNK,UNK,O,B,eng
C,UNK,UNK,O,M,eng
E,UNK,UNK,O,E,eng
、,UNK,UNK,O,S,x
小,小,xiǎo,O,B,n
鼠,鼠,shǔ,O,E,n
抗,扌,kàng,O,S,v
葡,艹,pú,O,B,n
萄,艹,táo,O,M,n
糖,米,táng,O,E,n
转,车,zhuǎn,O,S,v
LB,UNK,UNK,O,S,x
运,辶,yùn,O,S,n
蛋,虫,dàn,O,B,n
白,白,bái,O,E,n
SPACE,UNK,UNK,O,S,x
num,UNK,UNK,O,S,x
SPACE,UNK,UNK,O,S,x
(,UNK,UNK,O,S,x
SPACE,UNK,UNK,O,S,x
g,UNK,UNK,O,B,eng
l,UNK,UNK,O,M,eng
u,UNK,UNK,O,M,eng
c,UNK,UNK,O,M,eng
o,UNK,UNK,O,M,eng
s,UNK,UNK,O,M,eng
e,UNK,UNK,O,E,eng
SPACE,UNK,UNK,O,S,x
t,UNK,UNK,O,B,eng
r,UNK,UNK,O,M,eng
a,UNK,UNK,O,M,eng
n,UNK,UNK,O,M,eng
s,UNK,UNK,O,M,eng
p,UNK,UNK,O,M,eng
o,UNK,UNK,O,M,eng
r,UNK,UNK,O,M,eng
t,UNK,UNK,O,M,eng
e,UNK,UNK,O,M,eng
r,UNK,UNK,O,E,eng
SPACE,UNK,UNK,O,S,x
num,UNK,UNK,O,S,x
",",UNK,UNK,O,S,x
sep,sep,sep,sep,sep,sep
SPACE,UNK,UNK,O,S,x
G,UNK,UNK,O,B,eng
L,UNK,UNK,O,M,eng
U,UNK,UNK,O,M,eng
T,UNK,UNK,O,E,eng
SPACE,UNK,UNK,O,S,x
num,UNK,UNK,O,S,x
SPACE,UNK,UNK,O,S,x
),UNK,UNK,O,S,x
、,UNK,UNK,O,S,x
SPACE,UNK,UNK,O,S,x
小,小,xiǎo,O,B,n
鼠,鼠,shǔ,O,E,n
抗,扌,kàng,O,S,v
LB,UNK,UNK,O,S,x
p,UNK,UNK,O,B,eng
num,UNK,UNK,O,M,eng
num,UNK,UNK,O,M,eng
p,UNK,UNK,O,M,eng
h,UNK,UNK,O,M,eng
o,UNK,UNK,O,M,eng
x,UNK,UNK,O,E,eng
、,UNK,UNK,O,S,x
小,小,xiǎo,O,B,n
鼠,鼠,shǔ,O,E,n
抗,扌,kàng,O,S,v
SPACE,UNK,UNK,O,S,x
β,UNK,UNK,O,S,x
-,UNK,UNK,O,S,x
a,UNK,UNK,O,B,eng
c,UNK,UNK,O,M,eng
t,UNK,UNK,O,M,eng
i,UNK,UNK,O,M,eng
n,UNK,UNK,O,E,eng
SPACE,UNK,UNK,O,S,x
抗,扌,kàng,O,B,n
体,亻,tǐ,O,E,n
(,UNK,UNK,O,S,x
美,八,měi,O,B,ns
国,囗,guó,O,E,ns
SPACE,UNK,UNK,O,S,x
S,UNK,UNK,O,B,eng
a,UNK,UNK,O,M,eng
n,UNK,UNK,O,M,eng
t,UNK,UNK,O,M,eng
a,UNK,UNK,O,E,eng
SPACE,UNK,UNK,O,S,x
C,UNK,UNK,O,B,eng
r,UNK,UNK,O,M,eng
u,UNK,UNK,O,M,eng
z,UNK,UNK,O,E,eng
SPACE,UNK,UNK,O,S,x
公,八,gōng,O,B,n
司,口,sī,O,E,n
),UNK,UNK,O,S,x
",",UNK,UNK,O,S,x
sep,sep,sep,sep,sep,sep
辣,辛,là,O,S,n
LB,UNK,UNK,O,S,x
根,木,gēn,O,S,p
过,辶,guò,O,B,n
氧,气,yǎng,O,M,n
化,亻,huà,O,M,n
物,牜,wù,O,E,n
酶,酉,méi,O,S,n
耦,耒,ǒu,O,B,vn
联,耳,lián,O,E,vn
山,山,shān,O,B,ns
羊,羊,yáng,O,E,ns
抗,扌,kàng,O,S,v
小,小,xiǎo,O,B,n
鼠,鼠,shǔ,O,E,n
SPACE,UNK,UNK,O,S,x
I,UNK,UNK,O,B,eng
g,UNK,UNK,O,M,eng
G,UNK,UNK,O,E,eng
SPACE,UNK,UNK,O,S,x
抗,扌,kàng,O,B,n
体,亻,tǐ,O,E,n
(,UNK,UNK,O,S,x
北,匕,běi,O,B,ns
京,亠,jīng,O,E,ns
中,丨,zhōng,O,B,ns
山,山,shān,O,E,ns
生,生,shēng,O,S,vn
LB,UNK,UNK,O,S,x
物,牜,wù,O,S,zg
技,扌,jì,O,B,n
术,木,shù,O,E,n
公,八,gōng,O,B,n
司,口,sī,O,E,n
),UNK,UNK,O,S,x
",",UNK,UNK,O,S,x
sep,sep,sep,sep,sep,sep
E,UNK,UNK,O,B,eng
C,UNK,UNK,O,M,eng
L,UNK,UNK,O,E,eng
SPACE,UNK,UNK,O,S,x
增,土,zēng,O,B,n
强,弓,qiáng,O,M,n
型,土,xíng,O,E,n
化,亻,huà,O,B,n
学,子,xué,O,M,n
发,又,fā,O,M,n
光,儿,guāng,O,E,n
显,日,xiǎn,O,B,v
色,色,sè,O,E,v
试,讠,shì,O,B,n
剂,刂,jì,O,M,n
盒,皿,hé,O,E,n
(,UNK,UNK,O,S,x
美,八,měi,O,B,ns
国,囗,guó,O,E,ns
LB,UNK,UNK,O,S,x
P,UNK,UNK,O,B,eng
i,UNK,UNK,O,M,eng
e,UNK,UNK,O,M,eng
r,UNK,UNK,O,M,eng
c,UNK,UNK,O,M,eng
e,UNK,UNK,O,E,eng
SPACE,UNK,UNK,O,S,x
公,八,gōng,O,B,n
司,口,sī,O,E,n
),UNK,UNK,O,S,x
。,UNK,UNK,O,S,x
sep,sep,sep,sep,sep,sep
LB,UNK,UNK,O,S,x
二,二,èr,O,S,m
、,UNK,UNK,O,S,x
SPACE,UNK,UNK,O,S,x
方,方,fāng,O,B,n
法,氵,fǎ,O,E,n
LB,UNK,UNK,O,S,x
num,UNK,UNK,O,B,m
.,UNK,UNK,O,E,m
sep,sep,sep,sep,sep,sep
SPACE,UNK,UNK,O,S,x
动,力,dòng,O,B,n
物,牜,wù,O,M,n
模,木,mó,O,M,n
型,土,xíng,O,E,n
制,刂,zhì,O,B,v
备,夂,bèi,O,E,v
及,又,jí,O,S,c
分,刀,fēn,O,B,vn
组,纟,zǔ,O,E,vn
:,UNK,UNK,O,S,x
W,UNK,UNK,O,B,eng
i,UNK,UNK,O,M,eng
s,UNK,UNK,O,M,eng
t,UNK,UNK,O,M,eng
a,UNK,UNK,O,M,eng
r,UNK,UNK,O,E,eng
SPACE,UNK,UNK,O,S,x
大,大,dà,O,B,n
鼠,鼠,shǔ,O,E,n
分,刀,fēn,O,B,v
为,丶,wéi,O,E,v
SPACE,UNK,UNK,O,S,x
num,UNK,UNK,O,S,x
SPACE,UNK,UNK,O,S,x
组,纟,zǔ,O,S,zg
",",UNK,UNK,O,S,x
sep,sep,sep,sep,sep,sep
其,八,qí,O,S,r
LB,UNK,UNK,O,S,x
中,丨,zhōng,O,S,f
正,止,zhèng,O,B,d
常,巾,cháng,O,E,d
对,寸,duì,O,B,n
照,灬,zhào,O,M,n
组,纟,zǔ,O,E,n
予,乙,yú,O,S,vg
普,日,pǔ,O,B,nz
通,辶,tōng,O,E,nz
饲,饣,sì,O,B,n
料,斗,liào,O,E,n
;,UNK,UNK,O,S,x
sep,sep,sep,sep,sep,sep
另,口,lìng,O,B,n
一,一,yī,O,M,n
组,纟,zǔ,O,E,n
予,乙,yú,O,B,v
高,高,gāo,O,E,v
糖,米,táng,O,B,n
高,高,gāo,O,M,n
脂,月,zhī,O,E,n
饲,饣,sì,O,B,n
料,斗,liào,O,E,n
LB,UNK,UNK,O,S,x
(,UNK,UNK,O,S,x
标,木,biāo,O,B,n
准,冫,zhǔn,O,E,n
大,大,dà,O,B,n
鼠,鼠,shǔ,O,E,n
饲,饣,sì,O,B,n
料,斗,liào,O,E,n
中,丨,zhōng,O,S,f
添,氵,tiān,O,B,v
加,力,jiā,O,E,v
SPACE,UNK,UNK,O,S,x
num,UNK,UNK,O,B,m
num,UNK,UNK,O,E,m
%,UNK,UNK,O,S,x
SPACE,UNK,UNK,O,S,x
的,白,dí,O,S,uj
蔗,艹,zhè,O,B,n
糖,米,táng,O,E,n
、,UNK,UNK,O,S,x
num,UNK,UNK,O,B,m
num,UNK,UNK,O,E,m
%,UNK,UNK,O,S,x
SPACE,UNK,UNK,O,S,x
的,白,dí,O,S,uj
熟,灬,shú,O,B,n
猪,犭,zhū,O,M,n
油,氵,yóu,O,E,n
、,UNK,UNK,O,S,x
LB,UNK,UNK,O,S,x
num,UNK,UNK,O,S,x
%,UNK,UNK,O,S,x
的,白,dí,O,S,uj
胆,月,dǎn,O,B,n
固,囗,gù,O,M,n
醇,酉,chún,O,E,n
、,UNK,UNK,O,S,x
num,UNK,UNK,O,B,m
.,UNK,UNK,O,E,m
SPACE,UNK,UNK,O,S,x
num,UNK,UNK,O,B,m
num,UNK,UNK,O,E,m
%,UNK,UNK,O,S,x
SPACE,UNK,UNK,O,S,x
的,白,dí,O,S,uj
胆,月,dǎn,O,B,n
酸,酉,suān,O,E,n
),UNK,UNK,O,S,x
",",UNK,UNK,O,S,x
sep,sep,sep,sep,sep,sep
num,UNK,UNK,O,B,m
num,UNK,UNK,O,E,m
SPACE,UNK,UNK,O,S,x
周,口,zhōu,O,B,t
后,口,hòu,O,E,t
腹,月,fù,O,B,n
腔,月,qiāng,O,E,n
注,氵,zhù,O,B,v
射,寸,shè,O,E,v
链,钅,liàn,O,S,ng
脲,月,niào,O,S,g
LB,UNK,UNK,O,S,x
佐,亻,zuǒ,O,S,vg
菌,艹,jūn,O,B,n
素,糸,sù,O,E,n
(,UNK,UNK,O,S,x
S,UNK,UNK,O,B,eng
T,UNK,UNK,O,M,eng
Z,UNK,UNK,O,E,eng
",",UNK,UNK,O,S,x
num,UNK,UNK,O,B,m
num,UNK,UNK,O,E,m
SPACE,UNK,UNK,O,S,x
m,UNK,UNK,O,B,eng
g,UNK,UNK,O,E,eng
SPACE,UNK,UNK,O,S,x
/,UNK,UNK,O,S,x
SPACE,UNK,UNK,O,S,x
k,UNK,UNK,O,B,eng
g,UNK,UNK,O,E,eng
),UNK,UNK,O,S,x
",",UNK,UNK,O,S,x
sep,sep,sep,sep,sep,sep
num,UNK,UNK,O,S,x
SPACE,UNK,UNK,O,S,x
周,口,zhōu,O,B,t
后,口,hòu,O,E,t
非,非,fēi,O,S,d
同,口,tóng,O,B,t
日,日,rì,O,E,t
SPACE,UNK,UNK,O,S,x
num,UNK,UNK,O,S,x
SPACE,UNK,UNK,O,S,x
次,欠,cì,O,B,t
尾,尸,wěi,O,E,t
静,青,jìng,O,B,n
脉,月,mài,O,E,n
采,采,cǎi,O,S,v
LB,UNK,UNK,O,S,x
血,血,xiě,O,B,n
测,氵,cè,O,E,n
随,阝,suí,B-Test,B,d
机,木,jī,I-Test,E,d
血,血,xiě,I-Test,B,n
糖,米,táng,I-Test,E,n
≥,UNK,UNK,O,S,x
num,UNK,UNK,B-Test_Value,B,m
num,UNK,UNK,I-Test_Value,M,m
.,UNK,UNK,I-Test_Value,E,m
SPACE,UNK,UNK,I-Test_Value,S,x
num,UNK,UNK,I-Test_Value,S,x
SPACE,UNK,UNK,I-Test_Value,S,x
m,UNK,UNK,I-Test_Value,B,eng
m,UNK,UNK,I-Test_Value,M,eng
o,UNK,UNK,I-Test_Value,M,eng
l,UNK,UNK,I-Test_Value,E,eng
SPACE,UNK,UNK,I-Test_Value,S,x
/,UNK,UNK,I-Test_Value,S,x
SPACE,UNK,UNK,I-Test_Value,S,x
L,UNK,UNK,I-Test_Value,S,x
SPACE,UNK,UNK,O,S,x
为,丶,wéi,O,S,p
成,戈,chéng,O,B,n
模,木,mó,O,E,n
标,木,biāo,O,B,n
准,冫,zhǔn,O,E,n
。,UNK,UNK,O,S,x
sep,sep,sep,sep,sep,sep
SPACE,UNK,UNK,O,S,x
成,戈,chéng,O,B,n
模,木,mó,O,E,n
大,大,dà,O,B,n
鼠,鼠,shǔ,O,E,n
LB,UNK,UNK,O,S,x
num,UNK,UNK,O,B,m
num,UNK,UNK,O,E,m
SPACE,UNK,UNK,O,S,x
只,口,zhī,O,S,d
随,阝,suí,O,B,d
机,木,jī,O,E,d
分,刀,fēn,O,B,v
为,丶,wéi,O,E,v
:,UNK,UNK,O,S,x
(,UNK,UNK,O,S,x
num,UNK,UNK,O,S,x
),UNK,UNK,O,S,x
糖,米,táng,O,B,n
尿,尸,niào,O,M,n
病,疒,bìng,O,E,n
对,寸,duì,O,B,n
照,灬,zhào,O,M,n
组,纟,zǔ,O,E,n
(,UNK,UNK,O,S,x
D,UNK,UNK,O,B,eng
M,UNK,UNK,O,E,eng
SPACE,UNK,UNK,O,S,x
组,纟,zǔ,O,S,zg
",",UNK,UNK,O,S,x
sep,sep,sep,sep,sep,sep
n,UNK,UNK,O,S,x
SPACE,UNK,UNK,O,S,x
=,UNK,UNK,O,S,x
SPACE,UNK,UNK,O,S,x
num,UNK,UNK,O,B,m
num,UNK,UNK,O,E,m
),UNK,UNK,O,S,x
",",UNK,UNK,O,S,x
注,氵,zhù,O,S,v
LB,UNK,UNK,O,S,x
射,寸,shè,O,S,v
对,寸,duì,O,B,p
照,灬,zhào,O,E,p
腺,月,xiàn,O,B,n
病,疒,bìng,O,M,n
毒,母,dú,O,E,n
SPACE,UNK,UNK,O,S,x
A,UNK,UNK,O,B,eng
d,UNK,UNK,O,M,eng
num,UNK,UNK,O,E,eng
SPACE,UNK,UNK,O,S,x
num,UNK,UNK,O,B,m
num,UNK,UNK,O,M,m
num,UNK,UNK,O,E,m
SPACE,UNK,UNK,O,S,x
滋,氵,zī,O,S,n
l,UNK,UNK,O,S,eng
;,UNK,UNK,O,S,x
sep,sep,sep,sep,sep,sep
SPACE,UNK,UNK,O,S,x
(,UNK,UNK,O,S,x
num,UNK,UNK,O,S,x
SPACE,UNK,UNK,O,S,x
),UNK,UNK,O,S,x
SPACE,UNK,UNK,O,S,x
基,土,jī,O,B,n
因,囗,yīn,O,M,n
治,氵,zhì,O,M,n
疗,疒,liáo,O,E,n
组,纟,zǔ,O,S,zg
SPACE,UNK,UNK,O,S,x
(,UNK,UNK,O,S,x
SPACE,UNK,UNK,O,S,x
A,UNK,UNK,O,B,eng
C,UNK,UNK,O,M,eng
E,UNK,UNK,O,E,eng
LB,UNK,UNK,O,S,x
s,UNK,UNK,O,B,eng
h,UNK,UNK,O,M,eng
R,UNK,UNK,O,M,eng
N,UNK,UNK,O,M,eng
A,UNK,UNK,O,E,eng
SPACE,UNK,UNK,O,S,x
组,纟,zǔ,O,S,zg
",",UNK,UNK,O,S,x
sep,sep,sep,sep,sep,sep
n,UNK,UNK,O,S,x
SPACE,UNK,UNK,O,S,x
=,UNK,UNK,O,S,x
SPACE,UNK,UNK,O,S,x
num,UNK,UNK,O,B,m
num,UNK,UNK,O,E,m
),UNK,UNK,O,S,x
",",UNK,UNK,O,S,x
注,氵,zhù,B-Method,B,v
射,寸,shè,I-Method,E,v
SPACE,UNK,UNK,O,S,x
A,UNK,UNK,B-Drug,B,eng
d,UNK,UNK,I-Drug,M,eng
num,UNK,UNK,I-Drug,E,eng
-,UNK,UNK,I-Drug,S,x
A,UNK,UNK,I-Drug,B,eng
C,UNK,UNK,I-Drug,M,eng
E,UNK,UNK,I-Drug,E,eng
-,UNK,UNK,I-Drug,S,x
s,UNK,UNK,I-Drug,B,eng
h,UNK,UNK,I-Drug,M,eng
R,UNK,UNK,I-Drug,M,eng
N,UNK,UNK,I-Drug,M,eng
A,UNK,UNK,I-Drug,E,eng
SPACE,UNK,UNK,O,S,x
num,UNK,UNK,B-Amount,B,m
num,UNK,UNK,I-Amount,M,m
num,UNK,UNK,I-Amount,E,m
SPACE,UNK,UNK,I-Amount,S,x
滋,氵,zī,I-Amount,S,n
l,UNK,UNK,I-Amount,S,eng
;,UNK,UNK,O,S,x
sep,sep,sep,sep,sep,sep
(,UNK,UNK,O,S,x
num,UNK,UNK,O,S,x
),UNK,UNK,O,S,x
LB,UNK,UNK,O,S,x
依,亻,yī,O,B,ns
那,阝,nà,O,M,ns
普,日,pǔ,O,M,ns
利,刂,lì,O,E,ns
组,纟,zǔ,O,S,zg
(,UNK,UNK,O,S,x
A,UNK,UNK,B-Drug,B,eng
C,UNK,UNK,I-Drug,M,eng
E,UNK,UNK,I-Drug,M,eng
I,UNK,UNK,I-Drug,E,eng
SPACE,UNK,UNK,O,S,x
组,纟,zǔ,O,S,zg
",",UNK,UNK,O,S,x
sep,sep,sep,sep,sep,sep
n,UNK,UNK,O,S,x
SPACE,UNK,UNK,O,S,x
=,UNK,UNK,O,S,x
SPACE,UNK,UNK,O,S,x
num,UNK,UNK,O,B,m
num,UNK,UNK,O,E,m
),UNK,UNK,O,S,x
",",UNK,UNK,O,S,x
以,人,yǐ,O,S,p
依,亻,yī,B-Drug,B,ns
那,阝,nà,I-Drug,M,ns
普,日,pǔ,I-Drug,M,ns
利,刂,lì,I-Drug,E,ns
SPACE,UNK,UNK,O,S,x
num,UNK,UNK,B-Amount,B,m
num,UNK,UNK,I-Amount,E,m
SPACE,UNK,UNK,I-Amount,S,x
m,UNK,UNK,I-Amount,B,eng
g,UNK,UNK,I-Amount,E,eng
·,UNK,UNK,I-Amount,S,x
LB,UNK,UNK,I-Amount,S,x
k,UNK,UNK,I-Amount,B,eng
g,UNK,UNK,I-Amount,E,eng
-,UNK,UNK,I-Amount,S,x
num,UNK,UNK,I-Amount,S,x
·,UNK,UNK,I-Amount,S,x
d,UNK,UNK,I-Amount,S,x
-,UNK,UNK,I-Amount,S,x
num,UNK,UNK,I-Amount,S,x
灌,氵,guàn,B-Method,B,n
胃,月,wèi,I-Method,E,n
。,UNK,UNK,O,S,x
sep,sep,sep,sep,sep,sep
SPACE,UNK,UNK,O,S,x
正,止,zhèng,O,B,d
常,巾,cháng,O,E,d
对,寸,duì,O,B,n
照,灬,zhào,O,M,n
组,纟,zǔ,O,E,n
(,UNK,UNK,O,S,x
N,UNK,UNK,O,B,eng
C,UNK,UNK,O,E,eng
SPACE,UNK,UNK,O,S,x
组,纟,zǔ,O,S,zg
",",UNK,UNK,O,S,x
sep,sep,sep,sep,sep,sep
n,UNK,UNK,O,S,x
SPACE,UNK,UNK,O,S,x
=,UNK,UNK,O,S,x
SPACE,UNK,UNK,O,S,x
num,UNK,UNK,O,B,m
num,UNK,UNK,O,E,m
),UNK,UNK,O,S,x
注,氵,zhù,O,B,v
射,寸,shè,O,E,v
生,生,shēng,B-Drug,B,vn
理,王,lǐ,I-Drug,E,vn
LB,UNK,UNK,I-Drug,S,x
盐,皿,yán,I-Drug,B,n
水,水,shuǐ,I-Drug,E,n
SPACE,UNK,UNK,O,S,x
num,UNK,UNK,B-Amount,B,m
num,UNK,UNK,I-Amount,M,m
num,UNK,UNK,I-Amount,E,m
SPACE,UNK,UNK,I-Amount,S,x
滋,氵,zī,I-Amount,S,n
l,UNK,UNK,I-Amount,S,eng
。,UNK,UNK,O,S,x
sep,sep,sep,sep,sep,sep
SPACE,UNK,UNK,O,S,x
以,人,yǐ,O,B,f
上,一,shàng,O,E,f
注,氵,zhù,O,B,v
射,寸,shè,O,E,v
方,方,fāng,O,B,n
式,弋,shì,O,E,n
均,土,jūn,O,S,d
为,丶,wéi,O,S,p
尾,尸,wěi,B-Method,S,n
静,青,jìng,I-Method,B,l
脉,月,mài,I-Method,M,l
注,氵,zhù,I-Method,M,l
射,寸,shè,I-Method,E,l
",",UNK,UNK,O,S,x
sep,sep,sep,sep,sep,sep
时,日,shí,O,B,n
间,门,jiān,O,E,n
均,土,jūn,O,S,d
LB,UNK,UNK,O,S,x
在,土,zài,O,S,p
实,宀,shí,O,B,vn
验,马,yàn,O,E,vn
第,竹,dì,O,S,m
SPACE,UNK,UNK,O,S,x
num,UNK,UNK,O,S,x
SPACE,UNK,UNK,O,S,x
和,口,hé,O,S,c
第,竹,dì,O,S,m
SPACE,UNK,UNK,O,S,x
num,UNK,UNK,O,B,m
num,UNK,UNK,O,E,m
SPACE,UNK,UNK,O,S,x
天,大,tiān,O,S,q
",",UNK,UNK,O,S,x
sep,sep,sep,sep,sep,sep
共,八,gòng,O,S,d
观,见,guān,O,B,v
察,宀,chá,O,E,v
SPACE,UNK,UNK,O,S,x
num,UNK,UNK,O,B,m
num,UNK,UNK,O,E,m
SPACE,UNK,UNK,O,S,x
d,UNK,UNK,O,S,x
。,UNK,UNK,O,S,x
LB,UNK,UNK,O,S,x
num,UNK,UNK,O,B,m
.,UNK,UNK,O,E,m
sep,sep,sep,sep,sep,sep
SPACE,UNK,UNK,O,S,x
实,宀,shí,O,B,vn
验,马,yàn,O,E,vn
期,月,qī,O,B,f
间,门,jiān,O,E,f
每,母,měi,O,S,zg
SPACE,UNK,UNK,O,S,x
num,UNK,UNK,O,S,x
SPACE,UNK,UNK,O,S,x
~,UNK,UNK,O,S,x
SPACE,UNK,UNK,O,S,x
num,UNK,UNK,O,S,x
SPACE,UNK,UNK,O,S,x
d,UNK,UNK,O,S,x
SPACE,UNK,UNK,O,S,x
测,氵,cè,O,S,vn
血,血,xiě,B-Test,B,n
糖,米,táng,I-Test,E,n
、,UNK,UNK,O,S,x
尾,尸,wěi,O,S,n
动,力,dòng,O,B,n
脉,月,mài,O,E,n
收,攵,shōu,B-Test,B,n
缩,纟,suō,I-Test,M,n
压,厂,yā,I-Test,E,n
、,UNK,UNK,O,S,x
心,心,xīn,B-Test,S,n
LB,UNK,UNK,I-Test,S,x
率,玄,shuài,I-Test,S,v
和,口,hé,O,S,c
体,亻,tǐ,B-Test,B,n
重,里,zhòng,I-Test,E,n
",",UNK,UNK,O,S,x
sep,sep,sep,sep,sep,sep
每,母,měi,O,B,r
日,日,rì,O,E,r
观,见,guān,O,B,v
察,宀,chá,O,E,v
动,力,dòng,O,B,n
物,牜,wù,O,E,n
的,白,dí,O,S,uj
食,飠,shí,B-Test,B,n
欲,欠,yù,I-Test,E,n
、,UNK,UNK,O,S,x
活,氵,huó,B-Test,B,n
动,力,dòng,I-Test,M,n
力,力,lì,I-Test,E,n
、,UNK,UNK,O,S,x
体,亻,tǐ,B-Test,B,n
温,氵,wēn,I-Test,E,n
及,又,jí,O,B,c
其,八,qí,O,E,c
他,亻,tā,O,S,r
LB,UNK,UNK,O,S,x
反,又,fǎn,O,B,vn
应,广,yīng,O,E,vn
情,忄,qíng,O,B,n
况,冫,kuàng,O,E,n
。,UNK,UNK,O,S,x
sep,sep,sep,sep,sep,sep
LB,UNK,UNK,O,S,x
num,UNK,UNK,O,B,m
.,UNK,UNK,O,E,m
SPACE,UNK,UNK,O,S,x
检,木,jiǎn,O,B,vn
测,氵,cè,O,E,vn
血,血,xiě,O,B,n
清,氵,qīng,O,E,n
SPACE,UNK,UNK,O,S,x
A,UNK,UNK,B-Test,B,eng
C,UNK,UNK,I-Test,M,eng
E,UNK,UNK,I-Test,E,eng
SPACE,UNK,UNK,O,S,x
和,口,hé,O,S,c
SPACE,UNK,UNK,O,S,x
A,UNK,UNK,B-Test,B,eng
n,UNK,UNK,I-Test,M,eng
g,UNK,UNK,I-Test,E,eng
SPACE,UNK,UNK,I-Test,S,x
num,UNK,UNK,I-Test,S,m
的,白,dí,O,S,uj
浓,氵,nóng,O,B,n
度,广,dù,O,E,n
:,UNK,UNK,O,S,x
于,二,yú,O,S,p
首,首,shǒu,O,B,m
次,欠,cì,O,E,m
注,氵,zhù,O,B,v
射,寸,shè,O,E,v
后,口,hòu,O,S,f
LB,UNK,UNK,O,S,x
第,竹,dì,O,S,m
SPACE,UNK,UNK,O,S,x
num,UNK,UNK,O,S,x
SPACE,UNK,UNK,O,S,x
天,大,tiān,O,S,q
",",UNK,UNK,O,S,x
sep,sep,sep,sep,sep,sep
每,母,měi,O,B,r
组,纟,zǔ,O,E,r
随,阝,suí,O,B,d
机,木,jī,O,E,d
取,又,qǔ,O,S,v
SPACE,UNK,UNK,O,S,x
num,UNK,UNK,O,S,x
SPACE,UNK,UNK,O,S,x
只,口,zhī,O,S,d
大,大,dà,O,B,n
鼠,鼠,shǔ,O,E,n
",",UNK,UNK,O,S,x
sep,sep,sep,sep,sep,sep
心,心,xīn,O,B,n
脏,月,zàng,O,E,n
体,亻,tǐ,O,B,s
外,夕,wài,O,E,s
采,采,cǎi,O,B,v
血,血,xiě,O,E,v
",",UNK,UNK,O,S,x
sep,sep,sep,sep,sep,sep
用,用,yòng,O,S,p
LB,UNK,UNK,O,S,x
E,UNK,UNK,O,B,eng
L,UNK,UNK,O,M,eng
I,UNK,UNK,O,M,eng
S,UNK,UNK,O,M,eng
A,UNK,UNK,O,E,eng
SPACE,UNK,UNK,O,S,x
法,氵,fǎ,O,B,n
测,氵,cè,O,M,n
定,宀,dìng,O,E,n
血,血,xiě,O,B,n
清,氵,qīng,O,E,n
SPACE,UNK,UNK,O,S,x
A,UNK,UNK,B-Test,B,eng
C,UNK,UNK,I-Test,M,eng
E,UNK,UNK,I-Test,E,eng
SPACE,UNK,UNK,O,S,x
和,口,hé,O,S,c
SPACE,UNK,UNK,O,S,x
A,UNK,UNK,B-Test,B,eng
n,UNK,UNK,I-Test,M,eng
g,UNK,UNK,I-Test,E,eng
SPACE,UNK,UNK,I-Test,S,x
num,UNK,UNK,I-Test,S,m
的,白,dí,O,S,uj
浓,氵,nóng,O,B,n
度,广,dù,O,E,n
。,UNK,UNK,O,S,x
sep,sep,sep,sep,sep,sep
LB,UNK,UNK,O,S,x
num,UNK,UNK,O,B,m
.,UNK,UNK,O,E,m
SPACE,UNK,UNK,O,S,x
R,UNK,UNK,B-Test,B,eng
T,UNK,UNK,I-Test,E,eng
-,UNK,UNK,I-Test,S,x
P,UNK,UNK,I-Test,B,eng
C,UNK,UNK,I-Test,M,eng
R,UNK,UNK,I-Test,E,eng
SPACE,UNK,UNK,I-Test,S,x
分,刀,fēn,I-Test,B,vn
析,木,xī,I-Test,E,vn
SPACE,UNK,UNK,I-Test,S,x
A,UNK,UNK,I-Test,B,eng
C,UNK,UNK,I-Test,M,eng
E,UNK,UNK,I-Test,E,eng
SPACE,UNK,UNK,I-Test,S,x
m,UNK,UNK,I-Test,B,eng
R,UNK,UNK,I-Test,M,eng
N,UNK,UNK,I-Test,M,eng
A,UNK,UNK,I-Test,E,eng
SPACE,UNK,UNK,I-Test,S,x
的,白,dí,I-Test,S,uj
表,衣,biǎo,I-Test,B,v
达,辶,dá,I-Test,E,v
:,UNK,UNK,O,S,x
于,二,yú,O,S,p
首,首,shǒu,O,B,m
次,欠,cì,O,E,m
注,氵,zhù,O,B,v
射,寸,shè,O,E,v
LB,UNK,UNK,O,S,x
后,口,hòu,O,S,f
第,竹,dì,O,S,m
SPACE,UNK,UNK,O,S,x
num,UNK,UNK,O,S,x
SPACE,UNK,UNK,O,S,x
天,大,tiān,O,S,q
",",UNK,UNK,O,S,x
sep,sep,sep,sep,sep,sep
每,母,měi,O,B,r
组,纟,zǔ,O,E,r
随,阝,suí,O,B,d
机,木,jī,O,E,d
取,又,qǔ,O,S,v
SPACE,UNK,UNK,O,S,x
num,UNK,UNK,O,S,x
SPACE,UNK,UNK,O,S,x
只,口,zhī,O,S,d
大,大,dà,O,B,n
鼠,鼠,shǔ,O,E,n
",",UNK,UNK,O,S,x
sep,sep,sep,sep,sep,sep
取,又,qǔ,O,S,v
胰,月,yí,B-Anatomy,B,n
腺,月,xiàn,I-Anatomy,E,n
组,纟,zǔ,O,B,v
织,纟,zhī,O,E,v
进,辶,jìn,O,B,v
行,行,háng,O,E,v
检,木,jiǎn,O,S,vn
LB,UNK,UNK,O,S,x
测,氵,cè,O,S,vn
。,UNK,UNK,O,S,x
sep,sep,sep,sep,sep,sep
SPACE,UNK,UNK,O,S,x
A,UNK,UNK,O,B,eng
C,UNK,UNK,O,M,eng
E,UNK,UNK,O,E,eng
SPACE,UNK,UNK,O,S,x
上,一,shàng,O,B,f
游,氵,yóu,O,E,f
引,弓,yǐn,O,B,n
物,牜,wù,O,E,n
[,UNK,UNK,O,S,x
num,UNK,UNK,O,S,x
],UNK,UNK,O,S,x
SPACE,UNK,UNK,O,S,x
为,丶,wéi,O,S,p
SPACE,UNK,UNK,O,S,x
num,UNK,UNK,O,S,x
',UNK,UNK,O,S,x
-,UNK,UNK,O,S,x
C,UNK,UNK,O,B,eng
A,UNK,UNK,O,M,eng
A,UNK,UNK,O,M,eng
A,UNK,UNK,O,M,eng
A,UNK,UNK,O,M,eng
G,UNK,UNK,O,M,eng
C,UNK,UNK,O,M,eng
T,UNK,UNK,O,M,eng
G,UNK,UNK,O,M,eng
C,UNK,UNK,O,M,eng
G,UNK,UNK,O,M,eng
A,UNK,UNK,O,M,eng
A,UNK,UNK,O,M,eng
G,UNK,UNK,O,M,eng
G,UNK,UNK,O,M,eng
A,UNK,UNK,O,M,eng
T,UNK,UNK,O,E,eng
-,UNK,UNK,O,S,x
LB,UNK,UNK,O,S,x
C,UNK,UNK,O,B,eng
C,UNK,UNK,O,M,eng
A,UNK,UNK,O,M,eng
T,UNK,UNK,O,M,eng
C,UNK,UNK,O,M,eng
G,UNK,UNK,O,M,eng
G,UNK,UNK,O,E,eng
-,UNK,UNK,O,S,x
num,UNK,UNK,O,S,x
',UNK,UNK,O,S,x
",",UNK,UNK,O,S,x
sep,sep,sep,sep,sep,sep
下,一,xià,O,B,f
游,氵,yóu,O,E,f
为,丶,wéi,O,S,p
SPACE,UNK,UNK,O,S,x
num,UNK,UNK,O,S,x
',UNK,UNK,O,S,x
-,UNK,UNK,O,S,x
C,UNK,UNK,O,B,eng
C,UNK,UNK,O,M,eng
A,UNK,UNK,O,M,eng
T,UNK,UNK,O,M,eng
G,UNK,UNK,O,M,eng
T,UNK,UNK,O,M,eng
C,UNK,UNK,O,M,eng
G,UNK,UNK,O,M,eng
T,UNK,UNK,O,M,eng
A,UNK,UNK,O,M,eng
A,UNK,UNK,O,M,eng
A,UNK,UNK,O,M,eng
T,UNK,UNK,O,M,eng
G,UNK,UNK,O,M,eng
T,UNK,UNK,O,M,eng
T,UNK,UNK,O,M,eng
C,UNK,UNK,O,M,eng
T,UNK,UNK,O,M,eng
C,UNK,UNK,O,M,eng
C,UNK,UNK,O,E,eng
-,UNK,UNK,O,S,x
LB,UNK,UNK,O,S,x
C,UNK,UNK,O,B,eng
A,UNK,UNK,O,M,eng
G,UNK,UNK,O,M,eng
C,UNK,UNK,O,E,eng
-,UNK,UNK,O,S,x
num,UNK,UNK,O,S,x
',UNK,UNK,O,S,x
",",UNK,UNK,O,S,x
sep,sep,sep,sep,sep,sep
产,亠,chǎn,O,B,n
物,牜,wù,O,E,n
SPACE,UNK,UNK,O,S,x
num,UNK,UNK,O,B,m
num,UNK,UNK,O,M,m
num,UNK,UNK,O,E,m
SPACE,UNK,UNK,O,S,x
b,UNK,UNK,O,B,eng
p,UNK,UNK,O,E,eng
。,UNK,UNK,O,S,x
SPACE,UNK,UNK,O,S,x
内,冂,nèi,O,S,n
参,厶,cān,O,B,v
照,灬,zhào,O,E,v
SPACE,UNK,UNK,O,S,x
G,UNK,UNK,O,B,eng
A,UNK,UNK,O,M,eng
P,UNK,UNK,O,M,eng
D,UNK,UNK,O,M,eng
H,UNK,UNK,O,E,eng
SPACE,UNK,UNK,O,S,x
上,一,shàng,O,B,f
游,氵,yóu,O,E,f
引,弓,yǐn,O,B,n
物,牜,wù,O,E,n
为,丶,wéi,O,S,p
LB,UNK,UNK,O,S,x
num,UNK,UNK,O,S,x
',UNK,UNK,O,S,x
-,UNK,UNK,O,S,x
T,UNK,UNK,O,B,eng
C,UNK,UNK,O,M,eng
C,UNK,UNK,O,M,eng
C,UNK,UNK,O,M,eng
T,UNK,UNK,O,M,eng
C,UNK,UNK,O,M,eng
A,UNK,UNK,O,M,eng
A,UNK,UNK,O,M,eng
G,UNK,UNK,O,M,eng
A,UNK,UNK,O,M,eng
T,UNK,UNK,O,M,eng
T,UNK,UNK,O,M,eng
G,UNK,UNK,O,M,eng
T,UNK,UNK,O,M,eng
C,UNK,UNK,O,M,eng
A,UNK,UNK,O,M,eng
G,UNK,UNK,O,M,eng
C,UNK,UNK,O,M,eng
A,UNK,UNK,O,M,eng
A,UNK,UNK,O,E,eng
-,UNK,UNK,O,S,x
num,UNK,UNK,O,S,x
',UNK,UNK,O,S,x
",",UNK,UNK,O,S,x
sep,sep,sep,sep,sep,sep
下,一,xià,O,B,f
游,氵,yóu,O,E,f
为,丶,wéi,O,S,p
SPACE,UNK,UNK,O,S,x
num,UNK,UNK,O,S,x
',UNK,UNK,O,S,x
-,UNK,UNK,O,S,x
A,UNK,UNK,O,B,eng
G,UNK,UNK,O,M,eng
A,UNK,UNK,O,M,eng
T,UNK,UNK,O,E,eng
-,UNK,UNK,O,S,x
LB,UNK,UNK,O,S,x
C,UNK,UNK,O,B,eng
C,UNK,UNK,O,M,eng
A,UNK,UNK,O,M,eng
C,UNK,UNK,O,M,eng
A,UNK,UNK,O,M,eng
A,UNK,UNK,O,M,eng
C,UNK,UNK,O,M,eng
G,UNK,UNK,O,M,eng
G,UNK,UNK,O,M,eng
A,UNK,UNK,O,M,eng
T,UNK,UNK,O,M,eng
A,UNK,UNK,O,M,eng
C,UNK,UNK,O,M,eng
A,UNK,UNK,O,M,eng
T,UNK,UNK,O,M,eng
T,UNK,UNK,O,E,eng
-,UNK,UNK,O,S,x
num,UNK,UNK,O,S,x
',UNK,UNK,O,S,x
",",UNK,UNK,O,S,x
sep,sep,sep,sep,sep,sep
产,亠,chǎn,O,B,n
物,牜,wù,O,E,n
SPACE,UNK,UNK,O,S,x
num,UNK,UNK,O,B,m
num,UNK,UNK,O,M,m
num,UNK,UNK,O,E,m
SPACE,UNK,UNK,O,S,x
b,UNK,UNK,O,B,eng
p,UNK,UNK,O,E,eng
。,UNK,UNK,O,S,x
SPACE,UNK,UNK,O,S,x
P,UNK,UNK,B-Test,B,eng
C,UNK,UNK,I-Test,M,eng
R,UNK,UNK,I-Test,E,eng
SPACE,UNK,UNK,O,S,x
反,又,fǎn,O,B,vn
应,广,yīng,O,E,vn
条,木,tiáo,O,S,n
LB,UNK,UNK,O,S,x
件,亻,jiàn,O,S,q
为,丶,wéi,O,S,p
SPACE,UNK,UNK,O,S,x
num,UNK,UNK,O,B,m
num,UNK,UNK,O,E,m
℃,UNK,UNK,O,S,x
SPACE,UNK,UNK,O,S,x
预,页,yù,O,S,v
变,又,biàn,O,B,n
性,忄,xìng,O,E,n
SPACE,UNK,UNK,O,S,x
num,UNK,UNK,O,S,x
SPACE,UNK,UNK,O,S,x
m,UNK,UNK,O,B,eng
i,UNK,UNK,O,M,eng
n,UNK,UNK,O,E,eng
",",UNK,UNK,O,S,x
sep,sep,sep,sep,sep,sep
SPACE,UNK,UNK,O,S,x
num,UNK,UNK,O,B,m
num,UNK,UNK,O,E,m
℃,UNK,UNK,O,S,x
SPACE,UNK,UNK,O,S,x
变,又,biàn,O,B,n
性,忄,xìng,O,E,n
SPACE,UNK,UNK,O,S,x
num,UNK,UNK,O,B,m
num,UNK,UNK,O,E,m
SPACE,UNK,UNK,O,S,x
s,UNK,UNK,O,S,x
",",UNK,UNK,O,S,x
SPACE,UNK,UNK,O,S,x
num,UNK,UNK,O,B,m
num,UNK,UNK,O,E,m
℃,UNK,UNK,O,S,x
SPACE,UNK,UNK,O,S,x
退,辶,tuì,O,B,v
火,火,huǒ,O,E,v
LB,UNK,UNK,O,S,x
(,UNK,UNK,O,S,x
A,UNK,UNK,O,B,eng
C,UNK,UNK,O,M,eng
E,UNK,UNK,O,E,eng
),UNK,UNK,O,S,x
num,UNK,UNK,O,B,m
num,UNK,UNK,O,E,m
SPACE,UNK,UNK,O,S,x
s,UNK,UNK,O,S,x
",",UNK,UNK,O,S,x
num,UNK,UNK,O,B,m
num,UNK,UNK,O,E,m
℃,UNK,UNK,O,S,x
SPACE,UNK,UNK,O,S,x
延,廴,yán,O,B,v
伸,亻,shēn,O,E,v
SPACE,UNK,UNK,O,S,x
num,UNK,UNK,O,B,m
num,UNK,UNK,O,E,m
SPACE,UNK,UNK,O,S,x
s,UNK,UNK,O,S,x
",",UNK,UNK,O,S,x
num,UNK,UNK,O,B,m
num,UNK,UNK,O,E,m
SPACE,UNK,UNK,O,S,x
个,人,gè,O,S,q
循,彳,xún,O,B,vn
环,王,huán,O,E,vn
",",UNK,UNK,O,S,x
sep,sep,sep,sep,sep,sep
num,UNK,UNK,O,B,m
num,UNK,UNK,O,E,m
℃,UNK,UNK,O,S,x
SPACE,UNK,UNK,O,S,x
延,廴,yán,O,B,v
伸,亻,shēn,O,E,v
SPACE,UNK,UNK,O,S,x
num,UNK,UNK,O,B,m
num,UNK,UNK,O,E,m
LB,UNK,UNK,O,S,x
m,UNK,UNK,O,B,eng
i,UNK,UNK,O,M,eng
n,UNK,UNK,O,E,eng
。,UNK,UNK,O,S,x
SPACE,UNK,UNK,O,S,x
G,UNK,UNK,O,B,eng
A,UNK,UNK,O,M,eng
P,UNK,UNK,O,M,eng
D,UNK,UNK,O,M,eng
H,UNK,UNK,O,E,eng
SPACE,UNK,UNK,O,S,x
退,辶,tuì,O,B,v
火,火,huǒ,O,E,v
温,氵,wēn,O,B,n
度,广,dù,O,E,n
为,丶,wéi,O,S,p
SPACE,UNK,UNK,O,S,x
num,UNK,UNK,O,B,m
num,UNK,UNK,O,E,m
℃,UNK,UNK,O,S,x
",",UNK,UNK,O,S,x
sep,sep,sep,sep,sep,sep
余,人,yú,O,S,m
条,木,tiáo,O,B,n
件,亻,jiàn,O,E,n
相,目,xiāng,O,B,d
同,口,tóng,O,E,d
。,UNK,UNK,O,S,x
SPACE,UNK,UNK,O,S,x
P,UNK,UNK,B-Test,B,eng
C,UNK,UNK,I-Test,M,eng
R,UNK,UNK,I-Test,E,eng
SPACE,UNK,UNK,O,S,x
产,亠,chǎn,O,S,n
LB,UNK,UNK,O,S,x
物,牜,wù,O,S,zg
琼,王,qióng,O,B,n
脂,月,zhī,O,M,n
糖,米,táng,O,E,n
凝,冫,níng,O,B,n
胶,月,jiāo,O,M,n
电,田,diàn,O,M,n
泳,氵,yǒng,O,E,n
后,口,hòu,O,S,f
",",UNK,UNK,O,S,x
sep,sep,sep,sep,sep,sep
用,用,yòng,O,S,p
凝,冫,níng,O,B,n
胶,月,jiāo,O,E,n
成,戈,chéng,O,B,v
像,亻,xiàng,O,E,v
分,刀,fēn,O,B,vn
析,木,xī,O,E,vn
系,糸,xì,O,B,n
统,纟,tǒng,O,E,n
摄,扌,shè,O,B,v
像,亻,xiàng,O,E,v
分,刀,fēn,O,B,vn
析,木,xī,O,E,vn
。,UNK,UNK,O,S,x
sep,sep,sep,sep,sep,sep
LB,UNK,UNK,O,S,x
结,纟,jié,O,B,n
果,木,guǒ,O,E,n
用,用,yòng,O,S,p
各,口,gè,O,S,r
样,木,yàng,O,B,n
品,口,pǐn,O,E,n
的,白,dí,O,S,uj
条,木,tiáo,O,B,n
带,巾,dài,O,E,n
灰,火,huī,O,B,n
度,广,dù,O,E,n
值,亻,zhí,O,S,n
与,一,yǔ,O,S,p
SPACE,UNK,UNK,O,S,x
G,UNK,UNK,O,B,eng
A,UNK,UNK,O,M,eng
P,UNK,UNK,O,M,eng
D,UNK,UNK,O,M,eng
H,UNK,UNK,O,E,eng
SPACE,UNK,UNK,O,S,x
的,白,dí,O,S,uj
条,木,tiáo,O,B,n
带,巾,dài,O,E,n
灰,火,huī,O,B,n
度,广,dù,O,E,n
值,亻,zhí,O,S,n
LB,UNK,UNK,O,S,x
之,丶,zhī,O,S,u
比,比,bǐ,O,S,p
表,衣,biǎo,O,B,v
示,示,shì,O,E,v
。,UNK,UNK,O,S,x
sep,sep,sep,sep,sep,sep
LB,UNK,UNK,O,S,x
num,UNK,UNK,O,B,m
.,UNK,UNK,O,E,m
SPACE,UNK,UNK,O,S,x
W,UNK,UNK,O,B,eng
e,UNK,UNK,O,M,eng
s,UNK,UNK,O,M,eng
t,UNK,UNK,O,M,eng
e,UNK,UNK,O,M,eng
r,UNK,UNK,O,M,eng
n,UNK,UNK,O,E,eng
SPACE,UNK,UNK,O,S,x
印,卩,yìn,O,B,n
迹,辶,jì,O,E,n
分,刀,fēn,O,B,vn
析,木,xī,O,E,vn
SPACE,UNK,UNK,O,S,x
A,UNK,UNK,O,B,eng
C,UNK,UNK,O,M,eng
E,UNK,UNK,O,E,eng
SPACE,UNK,UNK,O,S,x
蛋,虫,dàn,O,B,n
白,白,bái,O,M,n
质,贝,zhì,O,E,n
的,白,dí,O,S,uj
表,衣,biǎo,O,B,v
达,辶,dá,O,E,v
:,UNK,UNK,O,S,x
于,二,yú,O,S,p
首,首,shǒu,O,B,m
次,欠,cì,O,E,m
LB,UNK,UNK,O,S,x
注,氵,zhù,O,B,v
射,寸,shè,O,E,v
后,口,hòu,O,S,f
第,竹,dì,O,S,m
SPACE,UNK,UNK,O,S,x
num,UNK,UNK,O,S,x
SPACE,UNK,UNK,O,S,x
天,大,tiān,O,S,q
",",UNK,UNK,O,S,x
sep,sep,sep,sep,sep,sep
从,人,cóng,O,S,p
每,母,měi,O,B,r
组,纟,zǔ,O,E,r
随,阝,suí,O,B,d
机,木,jī,O,E,d
取,又,qǔ,O,S,v
SPACE,UNK,UNK,O,S,x
num,UNK,UNK,O,S,x
SPACE,UNK,UNK,O,S,x
只,口,zhī,O,S,d
大,大,dà,O,B,n
鼠,鼠,shǔ,O,E,n
",",UNK,UNK,O,S,x
sep,sep,sep,sep,sep,sep
取,又,qǔ,O,S,v
胰,月,yí,B-Anatomy,B,n
腺,月,xiàn,I-Anatomy,E,n
进,辶,jìn,O,B,v
行,行,háng,O,E,v
检,木,jiǎn,O,S,vn
LB,UNK,UNK,O,S,x
测,氵,cè,O,S,vn
。,UNK,UNK,O,S,x
sep,sep,sep,sep,sep,sep
SPACE,UNK,UNK,O,S,x
取,又,qǔ,O,B,n
适,辶,shì,O,M,n
量,里,liáng,O,E,n
组,纟,zǔ,O,B,v
织,纟,zhī,O,E,v
",",UNK,UNK,O,S,x
提,扌,tí,O,B,v
取,又,qǔ,O,E,v
蛋,虫,dàn,O,B,n
白,白,bái,O,E,n
",",UNK,UNK,O,S,x
sep,sep,sep,sep,sep,sep
用,用,yòng,O,S,p
SPACE,UNK,UNK,O,S,x
B,UNK,UNK,O,B,eng
C,UNK,UNK,O,M,eng
A,UNK,UNK,O,E,eng
SPACE,UNK,UNK,O,S,x
法,氵,fǎ,O,B,n
测,氵,cè,O,M,n
定,宀,dìng,O,E,n
蛋,虫,dàn,O,B,n
白,白,bái,O,M,n
质,贝,zhì,O,E,n
浓,氵,nóng,O,S,a
LB,UNK,UNK,O,S,x
度,广,dù,O,S,zg
。,UNK,UNK,O,S,x
sep,sep,sep,sep,sep,sep
SPACE,UNK,UNK,O,S,x
取,又,qǔ,O,S,v
相,目,xiāng,O,B,d
同,口,tóng,O,E,d
量,里,liáng,O,S,n
蛋,虫,dàn,O,B,n
白,白,bái,O,E,n
用,用,yòng,O,B,v
于,二,yú,O,E,v
SPACE,UNK,UNK,O,S,x
num,UNK,UNK,O,S,x
%,UNK,UNK,O,S,x
SPACE,UNK,UNK,O,S,x
(,UNK,UNK,O,S,x
A,UNK,UNK,O,B,eng
C,UNK,UNK,O,M,eng
E,UNK,UNK,O,E,eng
),UNK,UNK,O,S,x
或,戈,huò,O,S,c
SPACE,UNK,UNK,O,S,x
num,UNK,UNK,O,B,m
num,UNK,UNK,O,E,m
%,UNK,UNK,O,S,x
SPACE,UNK,UNK,O,S,x
(,UNK,UNK,O,S,x
β,UNK,UNK,O,S,x
-,UNK,UNK,O,S,x
a,UNK,UNK,O,B,eng
c,UNK,UNK,O,M,eng
t,UNK,UNK,O,M,eng
i,UNK,UNK,O,M,eng
n,UNK,UNK,O,E,eng
),UNK,UNK,O,S,x
LB,UNK,UNK,O,S,x
S,UNK,UNK,O,B,eng
D,UNK,UNK,O,M,eng
S,UNK,UNK,O,E,eng
-,UNK,UNK,O,S,x
聚,耳,jù,O,S,v
丙,一,bǐng,O,B,nz
烯,火,xī,O,M,nz
酰,酉,xiān,O,M,nz
胺,月,àn,O,E,nz
凝,冫,níng,O,B,n
胶,月,jiāo,O,M,n
电,田,diàn,O,M,n
泳,氵,yǒng,O,E,n
",",UNK,UNK,O,S,x
sep,sep,sep,sep,sep,sep
转,车,zhuǎn,O,B,v
移,禾,yí,O,E,v
至,至,zhì,O,S,p
SPACE,UNK,UNK,O,S,x
N,UNK,UNK,O,B,eng
C,UNK,UNK,O,E,eng
SPACE,UNK,UNK,O,S,x
膜,月,mó,O,S,n
",",UNK,UNK,O,S,x
B,UNK,UNK,O,B,eng
S,UNK,UNK,O,M,eng
A,UNK,UNK,O,E,eng
SPACE,UNK,UNK,O,S,x
室,宀,shì,O,B,n
温,氵,wēn,O,E,n
封,寸,fēng,O,S,q
LB,UNK,UNK,O,S,x
闭,门,bì,O,S,v
SPACE,UNK,UNK,O,S,x
num,UNK,UNK,O,S,x
SPACE,UNK,UNK,O,S,x
h,UNK,UNK,O,S,x
",",UNK,UNK,O,S,x
sep,sep,sep,sep,sep,sep
小,小,xiǎo,O,B,n
鼠,鼠,shǔ,O,E,n
抗,扌,kàng,O,S,v
SPACE,UNK,UNK,O,S,x
A,UNK,UNK,O,B,eng
C,UNK,UNK,O,M,eng
E,UNK,UNK,O,E,eng
SPACE,UNK,UNK,O,S,x
抗,扌,kàng,O,B,n
体,亻,tǐ,O,E,n
(,UNK,UNK,O,S,x
num,UNK,UNK,O,S,x
SPACE,UNK,UNK,O,S,x
:,UNK,UNK,O,S,x
SPACE,UNK,UNK,O,S,x
num,UNK,UNK,O,B,m
num,UNK,UNK,O,M,m
num,UNK,UNK,O,E,m
),UNK,UNK,O,S,x
或,戈,huò,O,S,c
小,小,xiǎo,O,B,n
鼠,鼠,shǔ,O,E,n
抗,扌,kàng,O,S,v
SPACE,UNK,UNK,O,S,x
β,UNK,UNK,O,S,x
-,UNK,UNK,O,S,x
a,UNK,UNK,O,B,eng
c,UNK,UNK,O,M,eng
t,UNK,UNK,O,M,eng
i,UNK,UNK,O,M,eng
n,UNK,UNK,O,E,eng
SPACE,UNK,UNK,O,S,x
抗,扌,kàng,O,S,v
LB,UNK,UNK,O,S,x
体,亻,tǐ,O,S,n
(,UNK,UNK,O,S,x
num,UNK,UNK,O,S,x
SPACE,UNK,UNK,O,S,x
:,UNK,UNK,O,S,x
SPACE,UNK,UNK,O,S,x
num,UNK,UNK,O,S,x
SPACE,UNK,UNK,O,S,x
num,UNK,UNK,O,B,m
num,UNK,UNK,O,M,m
num,UNK,UNK,O,E,m
),UNK,UNK,O,S,x
num,UNK,UNK,O,S,x
℃,UNK,UNK,O,S,x
孵,子,fū,O,B,vn
育,月,yù,O,E,vn
过,辶,guò,O,B,t
夜,夕,yè,O,E,t
",",UNK,UNK,O,S,x
sep,sep,sep,sep,sep,sep
T,UNK,UNK,O,B,eng
B,UNK,UNK,O,M,eng
S,UNK,UNK,O,M,eng
T,UNK,UNK,O,E,eng
SPACE,UNK,UNK,O,S,x
溶,氵,róng,O,B,n
液,氵,yè,O,E,n
洗,氵,xǐ,O,B,n
膜,月,mó,O,E,n
SPACE,UNK,UNK,O,S,x
num,UNK,UNK,O,S,x
SPACE,UNK,UNK,O,S,x
次,欠,cì,O,S,q
",",UNK,UNK,O,S,x
sep,sep,sep,sep,sep,sep
每,母,měi,O,B,r
次,欠,cì,O,E,r
LB,UNK,UNK,O,S,x
num,UNK,UNK,O,S,x
SPACE,UNK,UNK,O,S,x
m,UNK,UNK,O,B,eng
i,UNK,UNK,O,M,eng
n,UNK,UNK,O,E,eng
",",UNK,UNK,O,S,x
室,宀,shì,O,B,n
温,氵,wēn,O,E,n
下,一,xià,O,S,f
相,目,xiāng,O,B,v
应,广,yīng,O,E,v
加,力,jiā,O,B,v
入,入,rù,O,E,v
山,山,shān,O,B,ns
羊,羊,yáng,O,E,ns
抗,扌,kàng,O,S,v
小,小,xiǎo,O,B,n
鼠,鼠,shǔ,O,E,n
SPACE,UNK,UNK,O,S,x
I,UNK,UNK,O,B,eng
g,UNK,UNK,O,M,eng
G,UNK,UNK,O,E,eng
SPACE,UNK,UNK,O,S,x
抗,扌,kàng,O,B,n
体,亻,tǐ,O,E,n
SPACE,UNK,UNK,O,S,x
(,UNK,UNK,O,S,x
num,UNK,UNK,O,S,x
SPACE,UNK,UNK,O,S,x
:,UNK,UNK,O,S,x
LB,UNK,UNK,O,S,x
num,UNK,UNK,O,B,m
num,UNK,UNK,O,E,m
SPACE,UNK,UNK,O,S,x
num,UNK,UNK,O,B,m
num,UNK,UNK,O,M,m
num,UNK,UNK,O,E,m
),UNK,UNK,O,S,x
孵,子,fū,O,B,vn
育,月,yù,O,E,vn
SPACE,UNK,UNK,O,S,x
num,UNK,UNK,O,S,x
SPACE,UNK,UNK,O,S,x
h,UNK,UNK,O,S,x
",",UNK,UNK,O,S,x
sep,sep,sep,sep,sep,sep
同,口,tóng,O,S,p
前,刂,qián,O,B,n
法,氵,fǎ,O,E,n
洗,氵,xǐ,O,B,n
膜,月,mó,O,E,n
SPACE,UNK,UNK,O,S,x
num,UNK,UNK,O,S,x
SPACE,UNK,UNK,O,S,x
次,欠,cì,O,S,q
。,UNK,UNK,O,S,x
sep,sep,sep,sep,sep,sep
SPACE,UNK,UNK,O,S,x
用,用,yòng,O,S,p
增,土,zēng,O,B,v
强,弓,qiáng,O,E,v
化,亻,huà,O,B,n
学,子,xué,O,M,n
发,又,fā,O,M,n
光,儿,guāng,O,E,n
LB,UNK,UNK,O,S,x
法,氵,fǎ,O,S,j
显,日,xiǎn,O,B,v
色,色,sè,O,E,v
",",UNK,UNK,O,S,x
sep,sep,sep,sep,sep,sep
X,UNK,UNK,O,S,x
SPACE,UNK,UNK,O,S,x
片,片,piàn,O,S,q
曝,日,pù,O,B,nz
光,儿,guāng,O,E,nz
显,日,xiǎn,O,B,v
影,彡,yǐng,O,E,v
",",UNK,UNK,O,S,x
sep,sep,sep,sep,sep,sep
凝,冫,níng,O,B,n
胶,月,jiāo,O,E,n
成,戈,chéng,O,B,v
像,亻,xiàng,O,E,v
分,刀,fēn,O,B,vn
析,木,xī,O,E,vn
系,糸,xì,O,B,n
统,纟,tǒng,O,E,n
摄,扌,shè,O,B,v
像,亻,xiàng,O,E,v
分,刀,fēn,O,B,vn
析,木,xī,O,E,vn
。,UNK,UNK,O,S,x
sep,sep,sep,sep,sep,sep
LB,UNK,UNK,O,S,x
num,UNK,UNK,O,B,m
.,UNK,UNK,O,E,m
SPACE,UNK,UNK,O,S,x
实,宀,shí,O,B,vn
验,马,yàn,O,E,vn
结,纟,jié,O,B,v
束,木,shù,O,E,v
时,日,shí,O,S,n
",",UNK,UNK,O,S,x
sep,sep,sep,sep,sep,sep
测,氵,cè,O,B,v
定,宀,dìng,O,E,v
空,穴,kōng,B-Test,B,n
腹,月,fù,I-Test,E,n
血,血,xiě,I-Test,B,n
糖,米,táng,I-Test,E,n
与,一,yǔ,O,S,p
空,穴,kōng,B-Test,B,n
腹,月,fù,I-Test,E,n
胰,月,yí,I-Test,B,n
岛,山,dǎo,I-Test,M,n
素,糸,sù,I-Test,E,n
",",UNK,UNK,O,S,x
sep,sep,sep,sep,sep,sep
计,讠,jì,O,S,n
LB,UNK,UNK,O,S,x
算,竹,suàn,O,S,v
胰,月,yí,B-Test,B,n
岛,山,dǎo,I-Test,M,n
素,糸,sù,I-Test,E,n
敏,攵,mǐn,I-Test,B,a
感,心,gǎn,I-Test,E,a
指,扌,zhǐ,I-Test,B,n
数,攵,shù,I-Test,E,n
(,UNK,UNK,O,S,x
SPACE,UNK,UNK,O,S,x
i,UNK,UNK,O,B,eng
n,UNK,UNK,O,M,eng
s,UNK,UNK,O,M,eng
u,UNK,UNK,O,M,eng
l,UNK,UNK,O,M,eng
i,UNK,UNK,O,M,eng
n,UNK,UNK,O,E,eng
SPACE,UNK,UNK,O,S,x
s,UNK,UNK,O,B,eng
e,UNK,UNK,O,M,eng
n,UNK,UNK,O,M,eng
s,UNK,UNK,O,M,eng
i,UNK,UNK,O,M,eng
t,UNK,UNK,O,M,eng
i,UNK,UNK,O,M,eng
v,UNK,UNK,O,M,eng
e,UNK,UNK,O,E,eng
SPACE,UNK,UNK,O,S,x
i,UNK,UNK,O,B,eng
n,UNK,UNK,O,M,eng
d,UNK,UNK,O,M,eng
e,UNK,UNK,O,M,eng
x,UNK,UNK,O,E,eng
",",UNK,UNK,O,S,x
sep,sep,sep,sep,sep,sep
SPACE,UNK,UNK,O,S,x
I,UNK,UNK,B-Test,B,eng
S,UNK,UNK,I-Test,M,eng
I,UNK,UNK,I-Test,E,eng
),UNK,UNK,O,S,x
",",UNK,UNK,O,S,x
公,八,gōng,O,B,n
式,弋,shì,O,E,n
LB,UNK,UNK,O,S,x
为,丶,wéi,O,S,p
[,UNK,UNK,O,S,x
num,UNK,UNK,O,S,x
],UNK,UNK,O,S,x
:,UNK,UNK,O,S,x
I,UNK,UNK,O,B,eng
S,UNK,UNK,O,M,eng
I,UNK,UNK,O,E,eng
SPACE,UNK,UNK,O,S,x
=,UNK,UNK,O,S,x
SPACE,UNK,UNK,O,S,x
l,UNK,UNK,O,B,eng
n,UNK,UNK,O,E,eng
[,UNK,UNK,O,S,x
num,UNK,UNK,O,S,x
SPACE,UNK,UNK,O,S,x
/,UNK,UNK,O,S,x
SPACE,UNK,UNK,O,S,x
(,UNK,UNK,O,S,x
空,穴,kōng,B-Test,B,n
腹,月,fù,I-Test,E,n
血,血,xiě,I-Test,B,n
糖,米,táng,I-Test,E,n
×,UNK,UNK,O,S,x
空,穴,kōng,B-Test,B,n
腹,月,fù,I-Test,E,n
胰,月,yí,I-Test,B,n
岛,山,dǎo,I-Test,M,n
素,糸,sù,I-Test,E,n
),UNK,UNK,O,S,x
],UNK,UNK,O,S,x
。,UNK,UNK,O,S,x
sep,sep,sep,sep,sep,sep
LB,UNK,UNK,O,S,x
num,UNK,UNK,O,B,m
.,UNK,UNK,O,E,m
SPACE,UNK,UNK,O,S,x
W,UNK,UNK,O,B,eng
e,UNK,UNK,O,M,eng
s,UNK,UNK,O,M,eng
t,UNK,UNK,O,M,eng
e,UNK,UNK,O,M,eng
r,UNK,UNK,O,M,eng
n,UNK,UNK,O,E,eng
SPACE,UNK,UNK,O,S,x
印,卩,yìn,O,B,n
迹,辶,jì,O,E,n
法,氵,fǎ,O,S,j
检,木,jiǎn,O,B,vn
测,氵,cè,O,E,vn
附,阝,fù,B-Anatomy,B,n
睾,目,gāo,I-Anatomy,E,n
脂,月,zhī,I-Anatomy,B,n
肪,月,fáng,I-Anatomy,M,n
组,纟,zǔ,I-Anatomy,M,n
织,纟,zhī,I-Anatomy,E,n
SPACE,UNK,UNK,O,S,x
G,UNK,UNK,B-Test,B,eng
L,UNK,UNK,I-Test,M,eng
U,UNK,UNK,I-Test,M,eng
T,UNK,UNK,I-Test,E,eng
SPACE,UNK,UNK,I-Test,S,x
num,UNK,UNK,I-Test,S,x
SPACE,UNK,UNK,I-Test,S,x
的,白,dí,I-Test,S,uj
LB,UNK,UNK,I-Test,S,x
表,衣,biǎo,I-Test,B,v
达,辶,dá,I-Test,E,v
",",UNK,UNK,O,S,x
sep,sep,sep,sep,sep,sep
评,讠,píng,O,B,n
价,亻,jià,O,E,n
外,夕,wài,B-Test,B,f
周,口,zhōu,I-Test,E,f
组,纟,zǔ,I-Test,B,v
织,纟,zhī,I-Test,E,v
胰,月,yí,I-Test,B,n
岛,山,dǎo,I-Test,M,n
素,糸,sù,I-Test,E,n
抵,扌,dǐ,I-Test,B,vn
抗,扌,kàng,I-Test,E,vn
程,禾,chéng,O,B,n
度,广,dù,O,E,n
。,UNK,UNK,O,S,x
sep,sep,sep,sep,sep,sep
LB,UNK,UNK,O,S,x
num,UNK,UNK,O,B,m
.,UNK,UNK,O,E,m
SPACE,UNK,UNK,O,S,x
W,UNK,UNK,O,B,eng
e,UNK,UNK,O,M,eng
s,UNK,UNK,O,M,eng
t,UNK,UNK,O,M,eng
e,UNK,UNK,O,M,eng
r,UNK,UNK,O,M,eng
n,UNK,UNK,O,E,eng
SPACE,UNK,UNK,O,S,x
印,卩,yìn,O,B,n
迹,辶,jì,O,E,n
法,氵,fǎ,O,S,j
检,木,jiǎn,O,B,vn
测,氵,cè,O,E,vn
胰,月,yí,B-Anatomy,B,n
腺,月,xiàn,I-Anatomy,E,n
SPACE,UNK,UNK,O,S,x
N,UNK,UNK,O,B,eng
A,UNK,UNK,O,M,eng
D,UNK,UNK,O,E,eng
(,UNK,UNK,O,S,x
P,UNK,UNK,O,S,x
),UNK,UNK,O,S,x
H,UNK,UNK,O,S,x
SPACE,UNK,UNK,O,S,x
氧,气,yǎng,O,B,n
化,亻,huà,O,M,n
酶,酉,méi,O,E,n
的,白,dí,O,S,uj
LB,UNK,UNK,O,S,x
膜,月,mó,O,S,n
结,纟,jié,O,B,v
合,口,hé,O,E,v
亚,二,yà,O,B,nrt
基,土,jī,O,E,nrt
SPACE,UNK,UNK,O,S,x
p,UNK,UNK,B-Test,B,eng
num,UNK,UNK,I-Test,M,eng
num,UNK,UNK,I-Test,M,eng
p,UNK,UNK,I-Test,M,eng
h,UNK,UNK,I-Test,M,eng
o,UNK,UNK,I-Test,M,eng
x,UNK,UNK,I-Test,E,eng
的,白,dí,O,S,uj
表,衣,biǎo,O,B,v
达,辶,dá,O,E,v
",",UNK,UNK,O,S,x
sep,sep,sep,sep,sep,sep
观,见,guān,O,B,v
察,宀,chá,O,E,v
胰,月,yí,B-Anatomy,B,n
岛,山,dǎo,I-Anatomy,E,n
的,白,dí,O,S,uj
氧,气,yǎng,O,B,n
化,亻,huà,O,M,n
应,广,yīng,O,M,n
激,氵,jī,O,E,n
反,又,fǎn,O,B,vn
应,广,yīng,O,E,vn
。,UNK,UNK,O,S,x
sep,sep,sep,sep,sep,sep
LB,UNK,UNK,O,S,x
三,一,sān,O,S,m
、,UNK,UNK,O,S,x
SPACE,UNK,UNK,O,S,x
统,纟,tǒng,O,B,nt
计,讠,jì,O,M,nt
学,子,xué,O,E,nt
处,夂,chǔ,O,B,v
理,王,lǐ,O,E,v
LB,UNK,UNK,O,S,x
实,宀,shí,O,B,vn
验,马,yàn,O,E,vn
数,攵,shù,O,B,n
据,扌,jù,O,E,n
以,人,yǐ,O,S,p
SPACE,UNK,UNK,O,S,x
x,UNK,UNK,O,S,x
-,UNK,UNK,O,S,x
±,UNK,UNK,O,S,x
SPACE,UNK,UNK,O,S,x
s,UNK,UNK,O,S,x
SPACE,UNK,UNK,O,S,x
表,衣,biǎo,O,B,v
示,示,shì,O,E,v
",",UNK,UNK,O,S,x
sep,sep,sep,sep,sep,sep
血,血,xiě,B-Test,B,n
糖,米,táng,I-Test,E,n
的,白,dí,O,S,uj
比,比,bǐ,O,B,d
较,车,jiào,O,E,d
采,采,cǎi,O,B,v
用,用,yòng,O,E,v
重,里,zhòng,O,B,d
复,夂,fù,O,E,d
测,氵,cè,O,B,vn
量,里,liáng,O,E,vn
LB,UNK,UNK,O,S,x
方,方,fāng,O,B,l
差,工,chà,O,M,l
分,刀,fēn,O,M,l
析,木,xī,O,E,l
",",UNK,UNK,O,S,x
sep,sep,sep,sep,sep,sep
组,纟,zǔ,O,B,n
间,门,jiān,O,E,n
多,夕,duō,O,B,m
重,里,zhòng,O,E,m
比,比,bǐ,O,B,d
较,车,jiào,O,E,d
采,采,cǎi,O,B,v
用,用,yòng,O,E,v
SPACE,UNK,UNK,O,S,x
S,UNK,UNK,O,B,eng
N,UNK,UNK,O,M,eng
K,UNK,UNK,O,E,eng
SPACE,UNK,UNK,O,S,x
法,氵,fǎ,O,S,j
",",UNK,UNK,O,S,x
sep,sep,sep,sep,sep,sep
组,纟,zǔ,O,B,n
内,冂,nèi,O,E,n
时,日,shí,O,B,n
点,灬,diǎn,O,E,n
间,门,jiān,O,S,f
多,夕,duō,O,S,m
LB,UNK,UNK,O,S,x
重,里,zhòng,O,S,a
比,比,bǐ,O,B,d
较,车,jiào,O,E,d
采,采,cǎi,O,B,v
用,用,yòng,O,E,v
SPACE,UNK,UNK,O,S,x
D,UNK,UNK,O,B,eng
u,UNK,UNK,O,M,eng
n,UNK,UNK,O,M,eng
n,UNK,UNK,O,M,eng
e,UNK,UNK,O,M,eng
t,UNK,UNK,O,M,eng
t,UNK,UNK,O,E,eng
SPACE,UNK,UNK,O,S,x
t,UNK,UNK,O,S,x
SPACE,UNK,UNK,O,S,x
检,木,jiǎn,O,B,vn
验,马,yàn,O,E,vn
。,UNK,UNK,O,S,x
sep,sep,sep,sep,sep,sep
SPACE,UNK,UNK,O,S,x
其,八,qí,O,B,r
余,人,yú,O,E,r
指,扌,zhǐ,O,B,n
标,木,biāo,O,E,n
多,夕,duō,O,B,m
组,纟,zǔ,O,E,m
间,门,jiān,O,S,f
比,比,bǐ,O,B,d
较,车,jiào,O,E,d
采,采,cǎi,O,B,v
用,用,yòng,O,E,v
LB,UNK,UNK,O,S,x
单,十,dān,O,S,n
因,囗,yīn,O,B,n
素,糸,sù,O,E,n
方,方,fāng,O,B,l
差,工,chà,O,M,l
分,刀,fēn,O,M,l
析,木,xī,O,E,l
。,UNK,UNK,O,S,x
sep,sep,sep,sep,sep,sep
SPACE,UNK,UNK,O,S,x
数,攵,shù,O,B,n
据,扌,jù,O,E,n
用,用,yòng,O,S,p
SPACE,UNK,UNK,O,S,x
S,UNK,UNK,O,B,eng
P,UNK,UNK,O,M,eng
S,UNK,UNK,O,M,eng
S,UNK,UNK,O,E,eng
SPACE,UNK,UNK,O,S,x
num,UNK,UNK,O,B,m
num,UNK,UNK,O,M,m
.,UNK,UNK,O,E,m
SPACE,UNK,UNK,O,S,x
num,UNK,UNK,O,S,x
SPACE,UNK,UNK,O,S,x
统,纟,tǒng,O,B,v
计,讠,jì,O,E,v
软,车,ruǎn,O,B,n
件,亻,jiàn,O,E,n
分,刀,fēn,O,B,vn
析,木,xī,O,E,vn
",",UNK,UNK,O,S,x
sep,sep,sep,sep,sep,sep
LB,UNK,UNK,O,S,x
P,UNK,UNK,O,S,x
<,UNK,UNK,O,S,x
num,UNK,UNK,O,B,m
.,UNK,UNK,O,E,m
SPACE,UNK,UNK,O,S,x
num,UNK,UNK,O,B,m
num,UNK,UNK,O,E,m
SPACE,UNK,UNK,O,S,x
为,丶,wéi,O,S,p
差,工,chà,O,B,n
异,廾,yì,O,E,n
有,月,yǒu,O,S,v
统,纟,tǒng,O,B,nt
计,讠,jì,O,M,nt
学,子,xué,O,E,nt
意,心,yì,O,B,n
义,丶,yì,O,E,n
。,UNK,UNK,O,S,x
sep,sep,sep,sep,sep,sep
LB,UNK,UNK,O,S,x
结,纟,jié,O,S,n
SPACE,UNK,UNK,O,S,x
SPACE,UNK,UNK,O,S,x
SPACE,UNK,UNK,O,S,x
SPACE,UNK,UNK,O,S,x
果,木,guǒ,O,S,ng
LB,UNK,UNK,O,S,x
一,一,yī,O,S,m
sep,sep,sep,sep,sep,sep
、,UNK,UNK,O,S,x
SPACE,UNK,UNK,O,S,x
对,寸,duì,O,S,p
血,血,xiě,B-Test,B,n
糖,米,táng,I-Test,E,n
的,白,dí,O,S,uj
影,彡,yǐng,O,B,vn
响,口,xiǎng,O,E,vn
LB,UNK,UNK,O,S,x
基,土,jī,O,B,n
线,纟,xiàn,O,E,n
时,日,shí,O,S,n
糖,米,táng,B-Disease,B,n
尿,尸,niào,I-Disease,M,n
病,疒,bìng,I-Disease,E,n
大,大,dà,O,B,n
鼠,鼠,shǔ,O,E,n
各,口,gè,O,B,r
组,纟,zǔ,O,E,r
的,白,dí,O,S,uj
血,血,xiě,B-Test,B,n
糖,米,táng,I-Test,E,n
、,UNK,UNK,O,S,x
体,亻,tǐ,B-Test,B,n
重,里,zhòng,I-Test,E,n
均,土,jūn,B-Test_Value,S,d
较,车,jiào,I-Test_Value,S,d
SPACE,UNK,UNK,I-Test_Value,S,x
N,UNK,UNK,I-Test_Value,B,eng
C,UNK,UNK,I-Test_Value,E,eng
SPACE,UNK,UNK,I-Test_Value,S,x
组,纟,zǔ,I-Test_Value,S,zg
LB,UNK,UNK,I-Test_Value,S,x
高,高,gāo,I-Test_Value,S,a
",",UNK,UNK,O,S,x
sep,sep,sep,sep,sep,sep
差,工,chà,O,B,n
异,廾,yì,O,E,n
有,月,yǒu,O,S,v
统,纟,tǒng,O,B,nt
计,讠,jì,O,M,nt
学,子,xué,O,E,nt
意,心,yì,O,B,n
义,丶,yì,O,E,n
",",UNK,UNK,O,S,x
sep,sep,sep,sep,sep,sep
收,攵,shōu,B-Test,B,n
缩,纟,suō,I-Test,M,n
压,厂,yā,I-Test,E,n
与,一,yǔ,O,S,p
心,心,xīn,B-Test,B,n
率,玄,shuài,I-Test,E,n
无,一,wú,O,S,v
明,日,míng,O,B,a
显,日,xiǎn,O,E,a
差,工,chà,O,B,n
异,廾,yì,O,E,n
;,UNK,UNK,O,S,x
sep,sep,sep,sep,sep,sep
糖,米,táng,B-Disease,S,zg
LB,UNK,UNK,I-Disease,S,x
尿,尸,niào,I-Disease,B,n
病,疒,bìng,I-Disease,E,n
大,大,dà,O,B,n
鼠,鼠,shǔ,O,E,n
各,口,gè,O,B,r
组,纟,zǔ,O,E,r
之,丶,zhī,O,B,f
间,门,jiān,O,E,f
的,白,dí,O,S,uj
血,血,xiě,B-Test,B,n
糖,米,táng,I-Test,E,n
、,UNK,UNK,O,S,x
收,攵,shōu,B-Test,B,n
缩,纟,suō,I-Test,M,n
压,厂,yā,I-Test,E,n
、,UNK,UNK,O,S,x
心,心,xīn,B-Test,B,n
率,玄,shuài,I-Test,E,n
、,UNK,UNK,O,S,x
体,亻,tǐ,B-Test,B,n
重,里,zhòng,I-Test,E,n
均,土,jūn,O,S,d
无,一,wú,O,S,v
统,纟,tǒng,O,S,v
LB,UNK,UNK,O,S,x
计,讠,jì,O,B,n
学,子,xué,O,E,n
差,工,chà,O,B,n
异,廾,yì,O,E,n
。,UNK,UNK,O,S,x
sep,sep,sep,sep,sep,sep
SPACE,UNK,UNK,O,S,x
实,宀,shí,O,B,vn
验,马,yàn,O,E,vn
结,纟,jié,O,B,v
束,木,shù,O,E,v
时,日,shí,O,S,n
",",UNK,UNK,O,S,x
糖,米,táng,B-Disease,B,n
尿,尸,niào,I-Disease,M,n
病,疒,bìng,I-Disease,E,n
大,大,dà,O,B,n
鼠,鼠,shǔ,O,E,n
各,口,gè,O,B,r
组,纟,zǔ,O,E,r
体,亻,tǐ,B-Test,B,n
重,里,zhòng,I-Test,E,n
、,UNK,UNK,O,S,x
心,心,xīn,B-Test,B,n
率,玄,shuài,I-Test,E,n
、,UNK,UNK,O,S,x
LB,UNK,UNK,O,S,x
收,攵,shōu,B-Test,B,n
缩,纟,suō,I-Test,M,n
压,厂,yā,I-Test,E,n
仍,亻,réng,O,S,d
无,一,wú,O,S,v
统,纟,tǒng,O,B,nt
计,讠,jì,O,M,nt
学,子,xué,O,E,nt
差,工,chà,O,B,n
异,廾,yì,O,E,n
",",UNK,UNK,O,S,x
sep,sep,sep,sep,sep,sep
但,亻,dàn,O,S,c
SPACE,UNK,UNK,O,S,x
D,UNK,UNK,B-Disease,B,eng
M,UNK,UNK,I-Disease,E,eng
SPACE,UNK,UNK,O,S,x
组,纟,zǔ,O,S,q
的,白,dí,O,S,uj
血,血,xiě,B-Test,B,n
糖,米,táng,I-Test,M,n
高,高,gāo,B-Test_Value,E,n
达,辶,dá,I-Test_Value,S,v
(,UNK,UNK,I-Test_Value,S,x
num,UNK,UNK,I-Test_Value,B,m
num,UNK,UNK,I-Test_Value,M,m
.,UNK,UNK,I-Test_Value,E,m
SPACE,UNK,UNK,I-Test_Value,S,x
num,UNK,UNK,I-Test_Value,S,x
SPACE,UNK,UNK,I-Test_Value,S,x
±,UNK,UNK,I-Test_Value,S,x
LB,UNK,UNK,I-Test_Value,S,x
num,UNK,UNK,I-Test_Value,B,m
.,UNK,UNK,I-Test_Value,E,m
SPACE,UNK,UNK,I-Test_Value,S,x
num,UNK,UNK,I-Test_Value,S,x
),UNK,UNK,I-Test_Value,S,x
m,UNK,UNK,I-Test_Value,B,eng
m,UNK,UNK,I-Test_Value,M,eng
o,UNK,UNK,I-Test_Value,M,eng
l,UNK,UNK,I-Test_Value,E,eng
SPACE,UNK,UNK,I-Test_Value,S,x
/,UNK,UNK,I-Test_Value,S,x
SPACE,UNK,UNK,I-Test_Value,S,x
L,UNK,UNK,I-Test_Value,S,x
",",UNK,UNK,O,S,x
sep,sep,sep,sep,sep,sep
而,而,ér,O,S,c
SPACE,UNK,UNK,O,S,x
A,UNK,UNK,B-Drug,B,eng
C,UNK,UNK,I-Drug,M,eng
E,UNK,UNK,I-Drug,E,eng
SPACE,UNK,UNK,I-Drug,S,x
s,UNK,UNK,I-Drug,B,eng
h,UNK,UNK,I-Drug,M,eng
R,UNK,UNK,I-Drug,M,eng
N,UNK,UNK,I-Drug,M,eng
A,UNK,UNK,I-Drug,E,eng
SPACE,UNK,UNK,O,S,x
组,纟,zǔ,O,S,zg
首,首,shǒu,O,B,m
次,欠,cì,O,E,m
注,氵,zhù,O,B,v
射,寸,shè,O,E,v
后,口,hòu,O,S,f
血,血,xiě,O,B,n
糖,米,táng,O,E,n
有,月,yǒu,O,B,n
所,户,suǒ,O,E,n
LB,UNK,UNK,O,S,x
下,一,xià,B-Test_Value,B,v
降,阝,jiàng,I-Test_Value,E,v
",",UNK,UNK,O,S,x
sep,sep,sep,sep,sep,sep
第,竹,dì,O,S,m
SPACE,UNK,UNK,O,S,x
num,UNK,UNK,O,B,m
num,UNK,UNK,O,E,m
SPACE,UNK,UNK,O,S,x
天,大,tiān,O,B,t
时,日,shí,O,E,t
血,血,xiě,B-Test,B,n
糖,米,táng,I-Test,E,n
有,月,yǒu,O,B,n
所,户,suǒ,O,E,n
上,一,shàng,B-Test_Value,B,v
升,十,shēng,I-Test_Value,E,v
;,UNK,UNK,O,S,x
sep,sep,sep,sep,sep,sep
二,二,èr,O,B,m
次,欠,cì,O,E,m
注,氵,zhù,O,B,v
射,寸,shè,O,E,v
后,口,hòu,O,S,f
血,血,xiě,B-Test,B,n
糖,米,táng,I-Test,E,n
再,冂,zài,O,B,d
次,欠,cì,O,E,d
sep,sep,sep,sep,sep,sep
LB,UNK,UNK,O,S,x
有,月,yǒu,O,B,n
所,户,suǒ,O,E,n
下,一,xià,B-Test_Value,B,v
降,阝,jiàng,I-Test_Value,E,v
",",UNK,UNK,O,S,x
第,竹,dì,O,S,m
SPACE,UNK,UNK,O,S,x
num,UNK,UNK,O,B,m
num,UNK,UNK,O,E,m
SPACE,UNK,UNK,O,S,x
天,大,tiān,O,B,t
时,日,shí,O,E,t
有,月,yǒu,O,B,n
所,户,suǒ,O,E,n
上,一,shàng,B-Test_Value,B,v
升,十,shēng,I-Test_Value,E,v
",",UNK,UNK,O,S,x
sep,sep,sep,sep,sep,sep
实,宀,shí,O,B,vn
验,马,yàn,O,E,vn
结,纟,jié,O,B,v
束,木,shù,O,E,v
时,日,shí,O,S,n
血,血,xiě,B-Test,B,n
糖,米,táng,I-Test,E,n
为,丶,wéi,O,S,p
LB,UNK,UNK,O,S,x
(,UNK,UNK,O,S,x
num,UNK,UNK,B-Test_Value,B,m
num,UNK,UNK,I-Test_Value,M,m
.,UNK,UNK,I-Test_Value,E,m
SPACE,UNK,UNK,I-Test_Value,S,x
num,UNK,UNK,I-Test_Value,S,x
SPACE,UNK,UNK,I-Test_Value,S,x
±,UNK,UNK,I-Test_Value,S,x
SPACE,UNK,UNK,I-Test_Value,S,x
num,UNK,UNK,I-Test_Value,B,m
.,UNK,UNK,I-Test_Value,E,m
SPACE,UNK,UNK,I-Test_Value,S,x
num,UNK,UNK,I-Test_Value,S,x
),UNK,UNK,I-Test_Value,S,x
m,UNK,UNK,I-Test_Value,B,eng
m,UNK,UNK,I-Test_Value,M,eng
o,UNK,UNK,I-Test_Value,M,eng
l,UNK,UNK,I-Test_Value,E,eng
SPACE,UNK,UNK,I-Test_Value,S,x
/,UNK,UNK,I-Test_Value,S,x
SPACE,UNK,UNK,I-Test_Value,S,x
L,UNK,UNK,I-Test_Value,S,x
",",UNK,UNK,O,S,x
sep,sep,sep,sep,sep,sep
明,日,míng,O,B,a
显,日,xiǎn,O,E,a
低,亻,dī,O,B,v
于,二,yú,O,E,v
SPACE,UNK,UNK,O,S,x
D,UNK,UNK,B-Disease,B,eng
M,UNK,UNK,I-Disease,E,eng
SPACE,UNK,UNK,O,S,x
组,纟,zǔ,O,S,zg
",",UNK,UNK,O,S,x
sep,sep,sep,sep,sep,sep
差,工,chà,O,B,n
异,廾,yì,O,E,n
有,月,yǒu,O,S,v
统,纟,tǒng,O,B,nt
计,讠,jì,O,M,nt
学,子,xué,O,E,nt
LB,UNK,UNK,O,S,x
意,心,yì,O,B,n
义,丶,yì,O,E,n
。,UNK,UNK,O,S,x
sep,sep,sep,sep,sep,sep
SPACE,UNK,UNK,O,S,x
A,UNK,UNK,B-Drug,B,eng
C,UNK,UNK,I-Drug,M,eng
E,UNK,UNK,I-Drug,M,eng
I,UNK,UNK,I-Drug,E,eng
SPACE,UNK,UNK,O,S,x
组,纟,zǔ,O,S,q
的,白,dí,O,S,uj
高,高,gāo,B-Symptom,B,n
血,血,xiě,I-Symptom,M,n
糖,米,táng,I-Symptom,E,n
进,辶,jìn,O,B,vn
展,尸,zhǎn,O,E,vn
速,辶,sù,O,B,n
度,广,dù,O,E,n
也,乙,yě,O,S,d
明,日,míng,O,B,a
显,日,xiǎn,O,E,a
减,冫,jiǎn,O,B,v
缓,纟,huǎn,O,E,v
",",UNK,UNK,O,S,x
sep,sep,sep,sep,sep,sep
实,宀,shí,O,B,vn
验,马,yàn,O,E,vn
结,纟,jié,O,S,n
LB,UNK,UNK,O,S,x
束,木,shù,O,S,v
时,日,shí,O,S,ng
为,丶,wéi,O,S,p
(,UNK,UNK,B-Test_Value,S,x
num,UNK,UNK,I-Test_Value,B,m
num,UNK,UNK,I-Test_Value,M,m
.,UNK,UNK,I-Test_Value,E,m
SPACE,UNK,UNK,I-Test_Value,S,x
num,UNK,UNK,I-Test_Value,S,x
SPACE,UNK,UNK,I-Test_Value,S,x
±,UNK,UNK,I-Test_Value,S,x
SPACE,UNK,UNK,I-Test_Value,S,x
num,UNK,UNK,I-Test_Value,B,m
.,UNK,UNK,I-Test_Value,E,m
SPACE,UNK,UNK,I-Test_Value,S,x
num,UNK,UNK,I-Test_Value,S,x
),UNK,UNK,I-Test_Value,S,x
m,UNK,UNK,I-Test_Value,B,eng
m,UNK,UNK,I-Test_Value,M,eng
o,UNK,UNK,I-Test_Value,M,eng
l,UNK,UNK,I-Test_Value,E,eng
SPACE,UNK,UNK,I-Test_Value,S,x
/,UNK,UNK,I-Test_Value,S,x
SPACE,UNK,UNK,I-Test_Value,S,x
L,UNK,UNK,I-Test_Value,S,x
",",UNK,UNK,O,S,x
sep,sep,sep,sep,sep,sep
也,乙,yě,O,S,d
明,日,míng,O,B,a
显,日,xiǎn,O,E,a
低,亻,dī,O,B,v
于,二,yú,O,E,v
SPACE,UNK,UNK,O,S,x
D,UNK,UNK,B-Disease,B,eng
M,UNK,UNK,I-Disease,E,eng
SPACE,UNK,UNK,O,S,x
组,纟,zǔ,O,S,zg
",",UNK,UNK,O,S,x
sep,sep,sep,sep,sep,sep
差,工,chà,O,B,n
异,廾,yì,O,E,n
LB,UNK,UNK,O,S,x
有,月,yǒu,O,S,v
统,纟,tǒng,O,B,nt
计,讠,jì,O,M,nt
学,子,xué,O,E,nt
意,心,yì,O,B,n
义,丶,yì,O,E,n
。,UNK,UNK,O,S,x
sep,sep,sep,sep,sep,sep
SPACE,UNK,UNK,O,S,x
每,母,měi,O,B,r
日,日,rì,O,E,r
观,见,guān,O,B,v
察,宀,chá,O,E,v
动,力,dòng,O,B,n
物,牜,wù,O,E,n
的,白,dí,O,S,uj
局,尸,jú,O,B,n
部,阝,bù,O,E,n
及,又,jí,O,S,c
全,入,quán,O,B,n
身,身,shēn,O,E,n
反,又,fǎn,O,B,vn
应,广,yīng,O,E,vn
",",UNK,UNK,O,S,x
sep,sep,sep,sep,sep,sep
未,木,wèi,O,S,d
LB,UNK,UNK,O,S,x
发,又,fā,O,B,v
现,见,xiàn,O,E,v
食,飠,shí,B-SideEff,B,n
欲,欠,yù,I-SideEff,E,n
减,冫,jiǎn,I-SideEff,B,v
退,辶,tuì,I-SideEff,E,v
、,UNK,UNK,O,S,x
体,亻,tǐ,B-SideEff,B,n
重,里,zhòng,I-SideEff,E,n
下,一,xià,I-SideEff,B,v
降,阝,jiàng,I-SideEff,E,v
、,UNK,UNK,O,S,x
体,亻,tǐ,B-SideEff,B,n
温,氵,wēn,I-SideEff,E,n
升,十,shēng,I-SideEff,B,v
高,高,gāo,I-SideEff,E,v
等,竹,děng,O,S,u
异,廾,yì,O,B,d
常,巾,cháng,O,E,d
反,又,fǎn,O,B,vn
应,广,yīng,O,E,vn
(,UNK,UNK,O,S,x
sep,sep,sep,sep,sep,sep
图,囗,tú,O,S,n
SPACE,UNK,UNK,O,S,x
num,UNK,UNK,O,S,x
",",UNK,UNK,O,S,x
LB,UNK,UNK,O,S,x
表,衣,biǎo,O,S,v
SPACE,UNK,UNK,O,S,x
num,UNK,UNK,O,S,x
),UNK,UNK,O,S,x
。,UNK,UNK,O,S,x
sep,sep,sep,sep,sep,sep
LB,UNK,UNK,O,S,x
二,二,èr,O,S,m
、,UNK,UNK,O,S,x
SPACE,UNK,UNK,O,S,x
血,血,xiě,O,B,n
清,氵,qīng,O,E,n
SPACE,UNK,UNK,O,S,x
A,UNK,UNK,B-Test,B,eng
C,UNK,UNK,I-Test,M,eng
E,UNK,UNK,I-Test,E,eng
SPACE,UNK,UNK,O,S,x
和,口,hé,O,S,c
SPACE,UNK,UNK,O,S,x
A,UNK,UNK,B-Test,B,eng
n,UNK,UNK,I-Test,M,eng
g,UNK,UNK,I-Test,E,eng
SPACE,UNK,UNK,I-Test,S,x
num,UNK,UNK,I-Test,S,m
的,白,dí,O,S,uj
含,口,hán,O,B,n
量,里,liáng,O,E,n
LB,UNK,UNK,O,S,x
与,一,yǔ,O,S,p
SPACE,UNK,UNK,O,S,x
N,UNK,UNK,O,B,eng
C,UNK,UNK,O,E,eng
SPACE,UNK,UNK,O,S,x
组,纟,zǔ,O,S,zg
相,目,xiāng,O,B,v
比,比,bǐ,O,E,v
",",UNK,UNK,O,S,x
sep,sep,sep,sep,sep,sep
D,UNK,UNK,B-Disease,B,eng
M,UNK,UNK,I-Disease,E,eng
SPACE,UNK,UNK,O,S,x
组,纟,zǔ,O,S,zg
SPACE,UNK,UNK,O,S,x
A,UNK,UNK,B-Test,B,eng
C,UNK,UNK,I-Test,M,eng
E,UNK,UNK,I-Test,E,eng
SPACE,UNK,UNK,O,S,x
和,口,hé,O,S,c
SPACE,UNK,UNK,O,S,x
A,UNK,UNK,B-Test,B,eng
n,UNK,UNK,I-Test,M,eng
g,UNK,UNK,I-Test,E,eng
SPACE,UNK,UNK,I-Test,S,x
num,UNK,UNK,I-Test,S,m
的,白,dí,O,S,uj
血,血,xiě,B-Test_Value,B,n
清,氵,qīng,I-Test_Value,E,n
浓,氵,nóng,I-Test_Value,B,n
度,广,dù,I-Test_Value,E,n
LB,UNK,UNK,I-Test_Value,S,x
显,日,xiǎn,I-Test_Value,B,a
著,艹,zhù,I-Test_Value,E,a
升,十,shēng,I-Test_Value,B,v
高,高,gāo,I-Test_Value,E,v
",",UNK,UNK,O,S,x
sep,sep,sep,sep,sep,sep
表,衣,biǎo,O,B,v
明,日,míng,O,E,v
高,高,gāo,B-Symptom,B,n
血,血,xiě,I-Symptom,M,n
糖,米,táng,I-Symptom,E,n
时,日,shí,O,S,n
",",UNK,UNK,O,S,x
sep,sep,sep,sep,sep,sep
R,UNK,UNK,B-Anatomy,B,eng
A,UNK,UNK,I-Anatomy,M,eng
S,UNK,UNK,I-Anatomy,E,eng
SPACE,UNK,UNK,O,S,x
功,力,gōng,O,B,n
能,月,néng,O,E,n
亢,亠,kàng,O,B,v
进,辶,jìn,O,E,v
。,UNK,UNK,O,S,x
sep,sep,sep,sep,sep,sep
SPACE,UNK,UNK,O,S,x
与,一,yǔ,O,S,p
SPACE,UNK,UNK,O,S,x
D,UNK,UNK,B-Disease,B,eng
M,UNK,UNK,I-Disease,E,eng
SPACE,UNK,UNK,O,S,x
组,纟,zǔ,O,B,l
相,目,xiāng,O,E,l
LB,UNK,UNK,O,S,x
注,氵,zhù,O,S,v
:,UNK,UNK,O,S,x
D,UNK,UNK,O,B,eng
M,UNK,UNK,O,E,eng
:,UNK,UNK,O,S,x
糖,米,táng,O,B,n
尿,尸,niào,O,M,n
病,疒,bìng,O,E,n
对,寸,duì,O,B,n
照,灬,zhào,O,M,n
组,纟,zǔ,O,E,n
SPACE,UNK,UNK,O,S,x
D,UNK,UNK,O,B,eng
i,UNK,UNK,O,M,eng
a,UNK,UNK,O,M,eng
b,UNK,UNK,O,M,eng
e,UNK,UNK,O,M,eng
t,UNK,UNK,O,M,eng
e,UNK,UNK,O,M,eng
s,UNK,UNK,O,E,eng
SPACE,UNK,UNK,O,S,x
c,UNK,UNK,O,B,eng
o,UNK,UNK,O,M,eng
n,UNK,UNK,O,M,eng
t,UNK,UNK,O,M,eng
r,UNK,UNK,O,M,eng
o,UNK,UNK,O,M,eng
l,UNK,UNK,O,E,eng
SPACE,UNK,UNK,O,S,x
g,UNK,UNK,O,B,eng
r,UNK,UNK,O,M,eng
o,UNK,UNK,O,M,eng
u,UNK,UNK,O,M,eng
p,UNK,UNK,O,E,eng
;,UNK,UNK,O,S,x
sep,sep,sep,sep,sep,sep
A,UNK,UNK,B-Drug,B,eng
C,UNK,UNK,I-Drug,M,eng
E,UNK,UNK,I-Drug,M,eng
I,UNK,UNK,I-Drug,E,eng
:,UNK,UNK,O,S,x
依,亻,yī,O,B,ns
那,阝,nà,O,M,ns
普,日,pǔ,O,M,ns
利,刂,lì,O,E,ns
组,纟,zǔ,O,S,zg
LB,UNK,UNK,O,S,x
E,UNK,UNK,O,B,eng
n,UNK,UNK,O,M,eng
a,UNK,UNK,O,M,eng
l,UNK,UNK,O,M,eng
a,UNK,UNK,O,M,eng
p,UNK,UNK,O,M,eng
r,UNK,UNK,O,M,eng
i,UNK,UNK,O,M,eng
l,UNK,UNK,O,E,eng
SPACE,UNK,UNK,O,S,x
g,UNK,UNK,O,B,eng
r,UNK,UNK,O,M,eng
o,UNK,UNK,O,M,eng
u,UNK,UNK,O,M,eng
p,UNK,UNK,O,E,eng
;,UNK,UNK,O,S,x
sep,sep,sep,sep,sep,sep
A,UNK,UNK,O,B,eng
C,UNK,UNK,O,M,eng
E,UNK,UNK,O,E,eng
SPACE,UNK,UNK,O,S,x
s,UNK,UNK,O,B,eng
h,UNK,UNK,O,M,eng
R,UNK,UNK,O,M,eng
N,UNK,UNK,O,M,eng
A,UNK,UNK,O,E,eng
:,UNK,UNK,O,S,x
基,土,jī,O,B,n
因,囗,yīn,O,M,n
治,氵,zhì,O,M,n
疗,疒,liáo,O,E,n
组,纟,zǔ,O,S,zg
SPACE,UNK,UNK,O,S,x
G,UNK,UNK,O,B,eng
e,UNK,UNK,O,M,eng
n,UNK,UNK,O,M,eng
e,UNK,UNK,O,E,eng
SPACE,UNK,UNK,O,S,x
t,UNK,UNK,O,B,eng
r,UNK,UNK,O,M,eng
e,UNK,UNK,O,M,eng
a,UNK,UNK,O,M,eng
t,UNK,UNK,O,M,eng
m,UNK,UNK,O,M,eng
e,UNK,UNK,O,M,eng
n,UNK,UNK,O,M,eng
t,UNK,UNK,O,E,eng
SPACE,UNK,UNK,O,S,x
g,UNK,UNK,O,B,eng
r,UNK,UNK,O,M,eng
o,UNK,UNK,O,M,eng
u,UNK,UNK,O,M,eng
p,UNK,UNK,O,E,eng
;,UNK,UNK,O,S,x
sep,sep,sep,sep,sep,sep
N,UNK,UNK,O,B,eng
C,UNK,UNK,O,E,eng
:,UNK,UNK,O,S,x
正,止,zhèng,O,B,d
常,巾,cháng,O,E,d
LB,UNK,UNK,O,S,x
对,寸,duì,O,B,n
照,灬,zhào,O,M,n
组,纟,zǔ,O,E,n
SPACE,UNK,UNK,O,S,x
N,UNK,UNK,O,B,eng
o,UNK,UNK,O,M,eng
r,UNK,UNK,O,M,eng
m,UNK,UNK,O,M,eng
a,UNK,UNK,O,M,eng
l,UNK,UNK,O,E,eng
SPACE,UNK,UNK,O,S,x
c,UNK,UNK,O,B,eng
o,UNK,UNK,O,M,eng
n,UNK,UNK,O,M,eng
t,UNK,UNK,O,M,eng
r,UNK,UNK,O,M,eng
o,UNK,UNK,O,M,eng
l,UNK,UNK,O,E,eng
SPACE,UNK,UNK,O,S,x
g,UNK,UNK,O,B,eng
r,UNK,UNK,O,M,eng
o,UNK,UNK,O,M,eng
u,UNK,UNK,O,M,eng
p,UNK,UNK,O,E,eng
sep,sep,sep,sep,sep,sep
LB,UNK,UNK,O,S,x
图,囗,tú,O,S,n
SPACE,UNK,UNK,O,S,x
num,UNK,UNK,O,S,x
SPACE,UNK,UNK,O,S,x
SPACE,UNK,UNK,O,S,x
各,口,gè,O,B,r
组,纟,zǔ,O,E,r
大,大,dà,O,B,n
鼠,鼠,shǔ,O,E,n
干,干,gān,O,B,v
预,页,yù,O,E,v
前,刂,qián,O,B,f
后,口,hòu,O,E,f
血,血,xiě,B-Test,B,n
糖,米,táng,I-Test,E,n
变,又,biàn,O,B,vn
化,亻,huà,O,E,vn
水,水,shuǐ,O,B,n
平,干,píng,O,E,n
sep,sep,sep,sep,sep,sep
LB,UNK,UNK,O,S,x
F,UNK,UNK,O,B,eng
i,UNK,UNK,O,M,eng
g,UNK,UNK,O,E,eng
SPACE,UNK,UNK,O,S,x
num,UNK,UNK,O,S,x
SPACE,UNK,UNK,O,S,x
SPACE,UNK,UNK,O,S,x
B,UNK,UNK,O,B,eng
l,UNK,UNK,O,M,eng
o,UNK,UNK,O,M,eng
o,UNK,UNK,O,M,eng
d,UNK,UNK,O,E,eng
SPACE,UNK,UNK,O,S,x
g,UNK,UNK,O,B,eng
l,UNK,UNK,O,M,eng
u,UNK,UNK,O,M,eng
c,UNK,UNK,O,M,eng
o,UNK,UNK,O,M,eng
s,UNK,UNK,O,M,eng
e,UNK,UNK,O,E,eng
SPACE,UNK,UNK,O,S,x
o,UNK,UNK,O,B,eng
f,UNK,UNK,O,E,eng
SPACE,UNK,UNK,O,S,x
e,UNK,UNK,O,B,eng
a,UNK,UNK,O,M,eng
c,UNK,UNK,O,M,eng
h,UNK,UNK,O,E,eng
SPACE,UNK,UNK,O,S,x
g,UNK,UNK,O,B,eng
r,UNK,UNK,O,M,eng
o,UNK,UNK,O,M,eng
u,UNK,UNK,O,M,eng
p,UNK,UNK,O,E,eng
SPACE,UNK,UNK,O,S,x
b,UNK,UNK,O,B,eng
e,UNK,UNK,O,M,eng
f,UNK,UNK,O,M,eng
o,UNK,UNK,O,M,eng
r,UNK,UNK,O,M,eng
e,UNK,UNK,O,E,eng
sep,sep,sep,sep,sep,sep
SPACE,UNK,UNK,O,S,x
a,UNK,UNK,O,B,eng
n,UNK,UNK,O,M,eng
d,UNK,UNK,O,E,eng
SPACE,UNK,UNK,O,S,x
a,UNK,UNK,O,B,eng
f,UNK,UNK,O,M,eng
t,UNK,UNK,O,M,eng
e,UNK,UNK,O,M,eng
r,UNK,UNK,O,E,eng
SPACE,UNK,UNK,O,S,x
t,UNK,UNK,O,B,eng
h,UNK,UNK,O,M,eng
e,UNK,UNK,O,E,eng
SPACE,UNK,UNK,O,S,x
i,UNK,UNK,O,B,eng
n,UNK,UNK,O,M,eng
t,UNK,UNK,O,M,eng
e,UNK,UNK,O,M,eng
r,UNK,UNK,O,M,eng
v,UNK,UNK,O,M,eng
e,UNK,UNK,O,M,eng
n,UNK,UNK,O,M,eng
t,UNK,UNK,O,M,eng
i,UNK,UNK,O,M,eng
o,UNK,UNK,O,M,eng
n,UNK,UNK,O,E,eng
sep,sep,sep,sep,sep,sep
LB,UNK,UNK,O,S,x
表,衣,biǎo,O,S,v
SPACE,UNK,UNK,O,S,x
num,UNK,UNK,O,S,x
SPACE,UNK,UNK,O,S,x
SPACE,UNK,UNK,O,S,x
各,口,gè,O,B,r
组,纟,zǔ,O,E,r
大,大,dà,O,B,n
鼠,鼠,shǔ,O,E,n
一,一,yī,O,B,a
般,舟,bān,O,E,a
资,贝,zī,O,B,n
料,斗,liào,O,E,n
比,比,bǐ,O,B,d
较,车,jiào,O,E,d
(,UNK,UNK,O,S,x
x,UNK,UNK,O,S,x
-,UNK,UNK,O,S,x
±,UNK,UNK,O,S,x
SPACE,UNK,UNK,O,S,x
s,UNK,UNK,O,S,x
),UNK,UNK,O,S,x
sep,sep,sep,sep,sep,sep
LB,UNK,UNK,O,S,x
T,UNK,UNK,O,B,eng
a,UNK,UNK,O,M,eng
b,UNK,UNK,O,E,eng
SPACE,UNK,UNK,O,S,x
num,UNK,UNK,O,S,x
SPACE,UNK,UNK,O,S,x
SPACE,UNK,UNK,O,S,x
C,UNK,UNK,O,B,eng
o,UNK,UNK,O,M,eng
m,UNK,UNK,O,M,eng
p,UNK,UNK,O,M,eng
a,UNK,UNK,O,M,eng
r,UNK,UNK,O,M,eng
i,UNK,UNK,O,M,eng
s,UNK,UNK,O,M,eng
o,UNK,UNK,O,M,eng
n,UNK,UNK,O,E,eng
SPACE,UNK,UNK,O,S,x
o,UNK,UNK,O,B,eng
f,UNK,UNK,O,E,eng
SPACE,UNK,UNK,O,S,x
g,UNK,UNK,O,B,eng
e,UNK,UNK,O,M,eng
n,UNK,UNK,O,M,eng
e,UNK,UNK,O,M,eng
r,UNK,UNK,O,M,eng
a,UNK,UNK,O,M,eng
l,UNK,UNK,O,E,eng
SPACE,UNK,UNK,O,S,x
d,UNK,UNK,O,B,eng
a,UNK,UNK,O,M,eng
t,UNK,UNK,O,M,eng
a,UNK,UNK,O,E,eng
SPACE,UNK,UNK,O,S,x
i,UNK,UNK,O,B,eng
n,UNK,UNK,O,E,eng
SPACE,UNK,UNK,O,S,x
r,UNK,UNK,O,B,eng
a,UNK,UNK,O,M,eng
t,UNK,UNK,O,M,eng
s,UNK,UNK,O,E,eng
(,UNK,UNK,O,S,x
x,UNK,UNK,O,S,x
-,UNK,UNK,O,S,x
±,UNK,UNK,O,S,x
SPACE,UNK,UNK,O,S,x
s,UNK,UNK,O,S,x
),UNK,UNK,O,S,x
sep,sep,sep,sep,sep,sep
LB,UNK,UNK,O,S,x
组,纟,zǔ,O,B,v
别,刂,bié,O,E,v
LB,UNK,UNK,O,S,x
G,UNK,UNK,O,B,eng
r,UNK,UNK,O,M,eng
o,UNK,UNK,O,M,eng
u,UNK,UNK,O,M,eng
p,UNK,UNK,O,E,eng
LB,UNK,UNK,O,S,x
鼠,鼠,shǔ,O,B,n
数,攵,shù,O,E,n
LB,UNK,UNK,O,S,x
n,UNK,UNK,O,S,x
LB,UNK,UNK,O,S,x
B,UNK,UNK,O,B,eng
G,UNK,UNK,O,E,eng
sep,sep,sep,sep,sep,sep
LB,UNK,UNK,O,S,x
(,UNK,UNK,O,S,x
m,UNK,UNK,O,B,eng
m,UNK,UNK,O,M,eng
o,UNK,UNK,O,M,eng
l,UNK,UNK,O,E,eng
SPACE,UNK,UNK,O,S,x
/,UNK,UNK,O,S,x
SPACE,UNK,UNK,O,S,x
L,UNK,UNK,O,S,x
),UNK,UNK,O,S,x
LB,UNK,UNK,O,S,x
S,UNK,UNK,O,B,eng
B,UNK,UNK,O,M,eng
P,UNK,UNK,O,E,eng
LB,UNK,UNK,O,S,x
(,UNK,UNK,O,S,x
m,UNK,UNK,O,B,eng
m,UNK,UNK,O,E,eng
SPACE,UNK,UNK,O,S,x
H,UNK,UNK,O,B,eng
g,UNK,UNK,O,E,eng
),UNK,UNK,O,S,x
sep,sep,sep,sep,sep,sep
LB,UNK,UNK,O,S,x
H,UNK,UNK,O,B,eng
R,UNK,UNK,O,E,eng
LB,UNK,UNK,O,S,x
(,UNK,UNK,O,S,x
次,欠,cì,O,S,q
SPACE,UNK,UNK,O,S,x
/,UNK,UNK,O,S,x
SPACE,UNK,UNK,O,S,x
m,UNK,UNK,O,B,eng
i,UNK,UNK,O,M,eng
n,UNK,UNK,O,E,eng
),UNK,UNK,O,S,x
LB,UNK,UNK,O,S,x
体,亻,tǐ,B-Test,B,n
重,里,zhòng,I-Test,E,n
sep,sep,sep,sep,sep,sep
LB,UNK,UNK,O,S,x
W,UNK,UNK,O,B,eng
e,UNK,UNK,O,M,eng
i,UNK,UNK,O,M,eng
g,UNK,UNK,O,M,eng
h,UNK,UNK,O,M,eng
t,UNK,UNK,O,E,eng
LB,UNK,UNK,O,S,x
(,UNK,UNK,O,S,x
g,UNK,UNK,O,S,x
),UNK,UNK,O,S,x
LB,UNK,UNK,O,S,x
N,UNK,UNK,O,B,eng
C,UNK,UNK,O,E,eng
LB,UNK,UNK,O,S,x
B,UNK,UNK,O,S,x
SPACE,UNK,UNK,O,S,x
num,UNK,UNK,O,B,m
num,UNK,UNK,O,E,m
sep,sep,sep,sep,sep,sep
SPACE,UNK,UNK,O,S,x
num,UNK,UNK,O,B,m
.,UNK,UNK,O,E,m
SPACE,UNK,UNK,O,S,x
num,UNK,UNK,O,S,x
SPACE,UNK,UNK,O,S,x
±,UNK,UNK,O,S,x
SPACE,UNK,UNK,O,S,x
num,UNK,UNK,O,B,m
.,UNK,UNK,O,E,m
SPACE,UNK,UNK,O,S,x
num,UNK,UNK,O,S,x
SPACE,UNK,UNK,O,S,x
num,UNK,UNK,O,B,m
num,UNK,UNK,O,M,m
num,UNK,UNK,O,E,m
SPACE,UNK,UNK,O,S,x
±,UNK,UNK,O,S,x
SPACE,UNK,UNK,O,S,x
num,UNK,UNK,O,S,x
sep,sep,sep,sep,sep,sep
SPACE,UNK,UNK,O,S,x
num,UNK,UNK,O,B,m
num,UNK,UNK,O,M,m
num,UNK,UNK,O,E,m
SPACE,UNK,UNK,O,S,x
±,UNK,UNK,O,S,x
SPACE,UNK,UNK,O,S,x
num,UNK,UNK,O,B,m
num,UNK,UNK,O,E,m
SPACE,UNK,UNK,O,S,x
num,UNK,UNK,O,B,m
num,UNK,UNK,O,M,m
num,UNK,UNK,O,M,m
.,UNK,UNK,O,E,m
SPACE,UNK,UNK,O,S,x
num,UNK,UNK,O,S,x
SPACE,UNK,UNK,O,S,x
±,UNK,UNK,O,S,x
SPACE,UNK,UNK,O,S,x
num,UNK,UNK,O,B,m
num,UNK,UNK,O,M,m
.,UNK,UNK,O,E,m
SPACE,UNK,UNK,O,S,x
num,UNK,UNK,O,S,x
sep,sep,sep,sep,sep,sep
LB,UNK,UNK,O,S,x
E,UNK,UNK,O,S,x
SPACE,UNK,UNK,O,S,x
num,UNK,UNK,O,B,m
num,UNK,UNK,O,E,m
SPACE,UNK,UNK,O,S,x
num,UNK,UNK,O,B,m
.,UNK,UNK,O,E,m
SPACE,UNK,UNK,O,S,x
num,UNK,UNK,O,S,x
SPACE,UNK,UNK,O,S,x
±,UNK,UNK,O,S,x
SPACE,UNK,UNK,O,S,x
num,UNK,UNK,O,B,m
.,UNK,UNK,O,E,m
SPACE,UNK,UNK,O,S,x
num,UNK,UNK,O,S,x
sep,sep,sep,sep,sep,sep
SPACE,UNK,UNK,O,S,x
num,UNK,UNK,O,B,m
num,UNK,UNK,O,M,m
num,UNK,UNK,O,E,m
SPACE,UNK,UNK,O,S,x
±,UNK,UNK,O,S,x
SPACE,UNK,UNK,O,S,x
num,UNK,UNK,O,S,x
SPACE,UNK,UNK,O,S,x
num,UNK,UNK,O,B,m
num,UNK,UNK,O,M,m
num,UNK,UNK,O,E,m
SPACE,UNK,UNK,O,S,x
±,UNK,UNK,O,S,x
SPACE,UNK,UNK,O,S,x
num,UNK,UNK,O,B,m
num,UNK,UNK,O,E,m
sep,sep,sep,sep,sep,sep
SPACE,UNK,UNK,O,S,x
num,UNK,UNK,O,B,m
num,UNK,UNK,O,M,m
num,UNK,UNK,O,M,m
.,UNK,UNK,O,E,m
SPACE,UNK,UNK,O,S,x
num,UNK,UNK,O,S,x
SPACE,UNK,UNK,O,S,x
±,UNK,UNK,O,S,x
SPACE,UNK,UNK,O,S,x
num,UNK,UNK,O,B,m
num,UNK,UNK,O,M,m
.,UNK,UNK,O,E,m
SPACE,UNK,UNK,O,S,x
num,UNK,UNK,O,S,x
LB,UNK,UNK,O,S,x
D,UNK,UNK,O,B,eng
M,UNK,UNK,O,E,eng
sep,sep,sep,sep,sep,sep
LB,UNK,UNK,O,S,x
B,UNK,UNK,O,S,x
SPACE,UNK,UNK,O,S,x
num,UNK,UNK,O,B,m
num,UNK,UNK,O,E,m
SPACE,UNK,UNK,O,S,x
num,UNK,UNK,O,B,m
num,UNK,UNK,O,M,m
.,UNK,UNK,O,E,m
SPACE,UNK,UNK,O,S,x
num,UNK,UNK,O,S,x
SPACE,UNK,UNK,O,S,x
±,UNK,UNK,O,S,x
SPACE,UNK,UNK,O,S,x
num,UNK,UNK,O,B,m
.,UNK,UNK,O,E,m
SPACE,UNK,UNK,O,S,x
num,UNK,UNK,O,S,m
a,UNK,UNK,O,S,eng
SPACE,UNK,UNK,O,S,x
num,UNK,UNK,O,B,m
num,UNK,UNK,O,M,m
num,UNK,UNK,O,E,m
SPACE,UNK,UNK,O,S,x
±,UNK,UNK,O,S,x
SPACE,UNK,UNK,O,S,x
num,UNK,UNK,O,S,x
sep,sep,sep,sep,sep,sep
SPACE,UNK,UNK,O,S,x
num,UNK,UNK,O,B,m
num,UNK,UNK,O,M,m
num,UNK,UNK,O,E,m
SPACE,UNK,UNK,O,S,x
±,UNK,UNK,O,S,x
SPACE,UNK,UNK,O,S,x
num,UNK,UNK,O,B,m
num,UNK,UNK,O,E,m
SPACE,UNK,UNK,O,S,x
num,UNK,UNK,O,B,m
num,UNK,UNK,O,M,m
num,UNK,UNK,O,M,m
.,UNK,UNK,O,E,m
SPACE,UNK,UNK,O,S,x
num,UNK,UNK,O,S,x
SPACE,UNK,UNK,O,S,x
±,UNK,UNK,O,S,x
SPACE,UNK,UNK,O,S,x
num,UNK,UNK,O,B,m
num,UNK,UNK,O,M,m
.,UNK,UNK,O,E,m
SPACE,UNK,UNK,O,S,x
num,UNK,UNK,O,S,x
sep,sep,sep,sep,sep,sep
LB,UNK,UNK,O,S,x
E,UNK,UNK,O,S,x
SPACE,UNK,UNK,O,S,x
num,UNK,UNK,O,B,m
num,UNK,UNK,O,E,m
SPACE,UNK,UNK,O,S,x
num,UNK,UNK,O,B,m
num,UNK,UNK,O,M,m
.,UNK,UNK,O,E,m
SPACE,UNK,UNK,O,S,x
num,UNK,UNK,O,S,x
SPACE,UNK,UNK,O,S,x
±,UNK,UNK,O,S,x
SPACE,UNK,UNK,O,S,x
num,UNK,UNK,O,B,m
.,UNK,UNK,O,E,m
SPACE,UNK,UNK,O,S,x
num,UNK,UNK,O,S,m
a,UNK,UNK,O,S,eng
SPACE,UNK,UNK,O,S,x
num,UNK,UNK,O,B,m
num,UNK,UNK,O,M,m
num,UNK,UNK,O,E,m
SPACE,UNK,UNK,O,S,x
±,UNK,UNK,O,S,x
SPACE,UNK,UNK,O,S,x
num,UNK,UNK,O,S,x
sep,sep,sep,sep,sep,sep
SPACE,UNK,UNK,O,S,x
num,UNK,UNK,O,B,m
num,UNK,UNK,O,M,m
num,UNK,UNK,O,E,m
SPACE,UNK,UNK,O,S,x
±,UNK,UNK,O,S,x
SPACE,UNK,UNK,O,S,x
num,UNK,UNK,O,B,m
num,UNK,UNK,O,E,m
SPACE,UNK,UNK,O,S,x
num,UNK,UNK,O,B,m
num,UNK,UNK,O,M,m
num,UNK,UNK,O,M,m
.,UNK,UNK,O,E,m
SPACE,UNK,UNK,O,S,x
num,UNK,UNK,O,S,x
SPACE,UNK,UNK,O,S,x
±,UNK,UNK,O,S,x
SPACE,UNK,UNK,O,S,x
num,UNK,UNK,O,B,m
num,UNK,UNK,O,M,m
.,UNK,UNK,O,E,m
SPACE,UNK,UNK,O,S,x
num,UNK,UNK,O,S,x
sep,sep,sep,sep,sep,sep
LB,UNK,UNK,O,S,x
A,UNK,UNK,B-Drug,B,eng
C,UNK,UNK,I-Drug,M,eng
E,UNK,UNK,I-Drug,M,eng
I,UNK,UNK,I-Drug,E,eng
LB,UNK,UNK,O,S,x
B,UNK,UNK,O,S,x
SPACE,UNK,UNK,O,S,x
num,UNK,UNK,O,B,m
num,UNK,UNK,O,E,m
SPACE,UNK,UNK,O,S,x
num,UNK,UNK,O,B,m
num,UNK,UNK,O,M,m
.,UNK,UNK,O,E,m
SPACE,UNK,UNK,O,S,x
num,UNK,UNK,O,S,x
SPACE,UNK,UNK,O,S,x
±,UNK,UNK,O,S,x
SPACE,UNK,UNK,O,S,x
num,UNK,UNK,O,B,m
.,UNK,UNK,O,E,m
SPACE,UNK,UNK,O,S,x
num,UNK,UNK,O,S,m
a,UNK,UNK,O,S,eng
SPACE,UNK,UNK,O,S,x
num,UNK,UNK,O,B,m
num,UNK,UNK,O,M,m
num,UNK,UNK,O,E,m
SPACE,UNK,UNK,O,S,x
±,UNK,UNK,O,S,x
SPACE,UNK,UNK,O,S,x
num,UNK,UNK,O,S,x
sep,sep,sep,sep,sep,sep
SPACE,UNK,UNK,O,S,x
num,UNK,UNK,O,B,m
num,UNK,UNK,O,M,m
num,UNK,UNK,O,E,m
SPACE,UNK,UNK,O,S,x
±,UNK,UNK,O,S,x
SPACE,UNK,UNK,O,S,x
num,UNK,UNK,O,S,x
SPACE,UNK,UNK,O,S,x
SPACE,UNK,UNK,O,S,x
num,UNK,UNK,O,B,m
num,UNK,UNK,O,M,m
num,UNK,UNK,O,M,m
.,UNK,UNK,O,E,m
SPACE,UNK,UNK,O,S,x
num,UNK,UNK,O,S,x
SPACE,UNK,UNK,O,S,x
±,UNK,UNK,O,S,x
SPACE,UNK,UNK,O,S,x
num,UNK,UNK,O,B,m
num,UNK,UNK,O,M,m
.,UNK,UNK,O,E,m
SPACE,UNK,UNK,O,S,x
num,UNK,UNK,O,S,x
sep,sep,sep,sep,sep,sep
LB,UNK,UNK,O,S,x
E,UNK,UNK,O,S,x
SPACE,UNK,UNK,O,S,x
num,UNK,UNK,O,B,m
num,UNK,UNK,O,E,m
SPACE,UNK,UNK,O,S,x
num,UNK,UNK,O,B,m
num,UNK,UNK,O,M,m
.,UNK,UNK,O,E,m
SPACE,UNK,UNK,O,S,x
num,UNK,UNK,O,S,x
SPACE,UNK,UNK,O,S,x
±,UNK,UNK,O,S,x
SPACE,UNK,UNK,O,S,x
num,UNK,UNK,O,B,m
.,UNK,UNK,O,E,m
SPACE,UNK,UNK,O,S,x
num,UNK,UNK,O,S,m
a,UNK,UNK,O,B,eng
b,UNK,UNK,O,E,eng
SPACE,UNK,UNK,O,S,x
num,UNK,UNK,O,B,m
num,UNK,UNK,O,M,m
num,UNK,UNK,O,E,m
SPACE,UNK,UNK,O,S,x
±,UNK,UNK,O,S,x
SPACE,UNK,UNK,O,S,x
num,UNK,UNK,O,S,x
sep,sep,sep,sep,sep,sep
SPACE,UNK,UNK,O,S,x
num,UNK,UNK,O,B,m
num,UNK,UNK,O,M,m
num,UNK,UNK,O,E,m
SPACE,UNK,UNK,O,S,x
±,UNK,UNK,O,S,x
SPACE,UNK,UNK,O,S,x
num,UNK,UNK,O,B,m
num,UNK,UNK,O,E,m
SPACE,UNK,UNK,O,S,x
num,UNK,UNK,O,B,m
num,UNK,UNK,O,M,m
num,UNK,UNK,O,M,m
.,UNK,UNK,O,E,m
SPACE,UNK,UNK,O,S,x
num,UNK,UNK,O,S,x
SPACE,UNK,UNK,O,S,x
±,UNK,UNK,O,S,x
SPACE,UNK,UNK,O,S,x
num,UNK,UNK,O,B,m
num,UNK,UNK,O,M,m
.,UNK,UNK,O,E,m
SPACE,UNK,UNK,O,S,x
num,UNK,UNK,O,S,x
sep,sep,sep,sep,sep,sep
LB,UNK,UNK,O,S,x
A,UNK,UNK,O,B,eng
C,UNK,UNK,O,M,eng
E,UNK,UNK,O,E,eng
SPACE,UNK,UNK,O,S,x
s,UNK,UNK,O,B,eng
h,UNK,UNK,O,M,eng
R,UNK,UNK,O,M,eng
N,UNK,UNK,O,M,eng
A,UNK,UNK,O,E,eng
LB,UNK,UNK,O,S,x
B,UNK,UNK,O,S,x
SPACE,UNK,UNK,O,S,x
num,UNK,UNK,O,B,m
num,UNK,UNK,O,E,m
SPACE,UNK,UNK,O,S,x
num,UNK,UNK,O,B,m
num,UNK,UNK,O,M,m
.,UNK,UNK,O,E,m
SPACE,UNK,UNK,O,S,x
num,UNK,UNK,O,S,x
SPACE,UNK,UNK,O,S,x
±,UNK,UNK,O,S,x
SPACE,UNK,UNK,O,S,x
num,UNK,UNK,O,B,m
.,UNK,UNK,O,E,m
SPACE,UNK,UNK,O,S,x
num,UNK,UNK,O,S,m
a,UNK,UNK,O,S,eng
SPACE,UNK,UNK,O,S,x
num,UNK,UNK,O,B,m
num,UNK,UNK,O,M,m
num,UNK,UNK,O,E,m
SPACE,UNK,UNK,O,S,x
±,UNK,UNK,O,S,x
SPACE,UNK,UNK,O,S,x
num,UNK,UNK,O,S,x
sep,sep,sep,sep,sep,sep
SPACE,UNK,UNK,O,S,x
num,UNK,UNK,O,B,m
num,UNK,UNK,O,M,m
num,UNK,UNK,O,E,m
SPACE,UNK,UNK,O,S,x
±,UNK,UNK,O,S,x
SPACE,UNK,UNK,O,S,x
num,UNK,UNK,O,B,m
num,UNK,UNK,O,E,m
SPACE,UNK,UNK,O,S,x
num,UNK,UNK,O,B,m
num,UNK,UNK,O,M,m
num,UNK,UNK,O,M,m
.,UNK,UNK,O,E,m
SPACE,UNK,UNK,O,S,x
num,UNK,UNK,O,S,x
SPACE,UNK,UNK,O,S,x
±,UNK,UNK,O,S,x
SPACE,UNK,UNK,O,S,x
num,UNK,UNK,O,B,m
num,UNK,UNK,O,M,m
.,UNK,UNK,O,E,m
SPACE,UNK,UNK,O,S,x
num,UNK,UNK,O,S,x
sep,sep,sep,sep,sep,sep
LB,UNK,UNK,O,S,x
E,UNK,UNK,O,S,x
SPACE,UNK,UNK,O,S,x
num,UNK,UNK,O,B,m
num,UNK,UNK,O,E,m
SPACE,UNK,UNK,O,S,x
num,UNK,UNK,O,B,m
num,UNK,UNK,O,M,m
.,UNK,UNK,O,E,m
SPACE,UNK,UNK,O,S,x
num,UNK,UNK,O,S,x
SPACE,UNK,UNK,O,S,x
±,UNK,UNK,O,S,x
SPACE,UNK,UNK,O,S,x
num,UNK,UNK,O,B,m
.,UNK,UNK,O,E,m
SPACE,UNK,UNK,O,S,x
num,UNK,UNK,O,S,m
a,UNK,UNK,O,B,eng
b,UNK,UNK,O,E,eng
SPACE,UNK,UNK,O,S,x
num,UNK,UNK,O,B,m
num,UNK,UNK,O,M,m
num,UNK,UNK,O,E,m
SPACE,UNK,UNK,O,S,x
±,UNK,UNK,O,S,x
SPACE,UNK,UNK,O,S,x
num,UNK,UNK,O,S,x
sep,sep,sep,sep,sep,sep
SPACE,UNK,UNK,O,S,x
num,UNK,UNK,O,B,m
num,UNK,UNK,O,M,m
num,UNK,UNK,O,E,m
SPACE,UNK,UNK,O,S,x
±,UNK,UNK,O,S,x
SPACE,UNK,UNK,O,S,x
num,UNK,UNK,O,B,m
num,UNK,UNK,O,E,m
SPACE,UNK,UNK,O,S,x
num,UNK,UNK,O,B,m
num,UNK,UNK,O,M,m
num,UNK,UNK,O,M,m
.,UNK,UNK,O,E,m
SPACE,UNK,UNK,O,S,x
num,UNK,UNK,O,S,x
SPACE,UNK,UNK,O,S,x
±,UNK,UNK,O,S,x
SPACE,UNK,UNK,O,S,x
num,UNK,UNK,O,B,m
num,UNK,UNK,O,M,m
.,UNK,UNK,O,E,m
SPACE,UNK,UNK,O,S,x
num,UNK,UNK,O,S,x
sep,sep,sep,sep,sep,sep
LB,UNK,UNK,O,S,x
注,氵,zhù,O,S,v
:,UNK,UNK,O,S,x
B,UNK,UNK,O,S,x
:,UNK,UNK,O,S,x
基,土,jī,O,B,n
线,纟,xiàn,O,E,n
SPACE,UNK,UNK,O,S,x
B,UNK,UNK,O,B,eng
a,UNK,UNK,O,M,eng
s,UNK,UNK,O,M,eng
e,UNK,UNK,O,M,eng
l,UNK,UNK,O,M,eng
i,UNK,UNK,O,M,eng
n,UNK,UNK,O,M,eng
e,UNK,UNK,O,E,eng
;,UNK,UNK,O,S,x
sep,sep,sep,sep,sep,sep
E,UNK,UNK,O,S,x
:,UNK,UNK,O,S,x
实,宀,shí,O,B,vn
验,马,yàn,O,E,vn
结,纟,jié,O,B,v
束,木,shù,O,E,v
时,日,shí,O,S,n
SPACE,UNK,UNK,O,S,x
A,UNK,UNK,O,B,eng
t,UNK,UNK,O,E,eng
SPACE,UNK,UNK,O,S,x
t,UNK,UNK,O,B,eng
h,UNK,UNK,O,M,eng
e,UNK,UNK,O,E,eng
SPACE,UNK,UNK,O,S,x
e,UNK,UNK,O,B,eng
n,UNK,UNK,O,M,eng
d,UNK,UNK,O,E,eng
SPACE,UNK,UNK,O,S,x
o,UNK,UNK,O,B,eng
f,UNK,UNK,O,E,eng
SPACE,UNK,UNK,O,S,x
e,UNK,UNK,O,B,eng
x,UNK,UNK,O,M,eng
p,UNK,UNK,O,M,eng
e,UNK,UNK,O,M,eng
r,UNK,UNK,O,M,eng
i,UNK,UNK,O,M,eng
m,UNK,UNK,O,M,eng
e,UNK,UNK,O,M,eng
n,UNK,UNK,O,M,eng
t,UNK,UNK,O,E,eng
;,UNK,UNK,O,S,x
sep,sep,sep,sep,sep,sep
B,UNK,UNK,O,B,eng
G,UNK,UNK,O,E,eng
:,UNK,UNK,O,S,x
血,血,xiě,B-Test,S,n
LB,UNK,UNK,I-Test,S,x
糖,米,táng,I-Test,S,zg
SPACE,UNK,UNK,O,S,x
B,UNK,UNK,O,B,eng
l,UNK,UNK,O,M,eng
o,UNK,UNK,O,M,eng
o,UNK,UNK,O,M,eng
d,UNK,UNK,O,E,eng
SPACE,UNK,UNK,O,S,x
g,UNK,UNK,O,B,eng
l,UNK,UNK,O,M,eng
u,UNK,UNK,O,M,eng
c,UNK,UNK,O,M,eng
o,UNK,UNK,O,M,eng
s,UNK,UNK,O,M,eng
e,UNK,UNK,O,E,eng
;,UNK,UNK,O,S,x
sep,sep,sep,sep,sep,sep
S,UNK,UNK,O,B,eng
B,UNK,UNK,O,M,eng
P,UNK,UNK,O,E,eng
:,UNK,UNK,O,S,x
收,攵,shōu,B-Test,B,n
缩,纟,suō,I-Test,M,n
压,厂,yā,I-Test,E,n
SPACE,UNK,UNK,O,S,x
S,UNK,UNK,O,B,eng
y,UNK,UNK,O,M,eng
s,UNK,UNK,O,M,eng
t,UNK,UNK,O,M,eng
o,UNK,UNK,O,M,eng
l,UNK,UNK,O,M,eng
i,UNK,UNK,O,M,eng
c,UNK,UNK,O,E,eng
SPACE,UNK,UNK,O,S,x
b,UNK,UNK,O,B,eng
l,UNK,UNK,O,M,eng
o,UNK,UNK,O,M,eng
o,UNK,UNK,O,M,eng
d,UNK,UNK,O,E,eng
SPACE,UNK,UNK,O,S,x
p,UNK,UNK,O,B,eng
r,UNK,UNK,O,M,eng
e,UNK,UNK,O,M,eng
s,UNK,UNK,O,M,eng
s,UNK,UNK,O,M,eng
u,UNK,UNK,O,M,eng
r,UNK,UNK,O,M,eng
e,UNK,UNK,O,E,eng
;,UNK,UNK,O,S,x
num,UNK,UNK,O,S,x
SPACE,UNK,UNK,O,S,x
m,UNK,UNK,O,B,eng
m,UNK,UNK,O,E,eng
SPACE,UNK,UNK,O,S,x
H,UNK,UNK,O,B,eng
g,UNK,UNK,O,E,eng
SPACE,UNK,UNK,O,S,x
=,UNK,UNK,O,S,x
SPACE,UNK,UNK,O,S,x
num,UNK,UNK,O,B,m
.,UNK,UNK,O,E,m
SPACE,UNK,UNK,O,S,x
num,UNK,UNK,O,B,m
num,UNK,UNK,O,M,m
num,UNK,UNK,O,E,m
LB,UNK,UNK,O,S,x
k,UNK,UNK,O,B,eng
P,UNK,UNK,O,M,eng
a,UNK,UNK,O,E,eng
;,UNK,UNK,O,S,x
sep,sep,sep,sep,sep,sep
H,UNK,UNK,O,B,eng
R,UNK,UNK,O,E,eng
:,UNK,UNK,O,S,x
心,心,xīn,O,B,n
率,玄,shuài,O,E,n
H,UNK,UNK,O,B,eng
e,UNK,UNK,O,M,eng
a,UNK,UNK,O,M,eng
r,UNK,UNK,O,M,eng
t,UNK,UNK,O,E,eng
SPACE,UNK,UNK,O,S,x
r,UNK,UNK,O,B,eng
a,UNK,UNK,O,M,eng
t,UNK,UNK,O,M,eng
e,UNK,UNK,O,E,eng
;,UNK,UNK,O,S,x
sep,sep,sep,sep,sep,sep
余,人,yú,O,S,m
略,田,lüè,O,B,v
语,讠,yǔ,O,E,v
同,口,tóng,O,B,n
图,囗,tú,O,E,n
num,UNK,UNK,O,S,m
SPACE,UNK,UNK,O,S,x
T,UNK,UNK,O,B,eng
h,UNK,UNK,O,M,eng
e,UNK,UNK,O,E,eng
SPACE,UNK,UNK,O,S,x
a,UNK,UNK,O,B,eng
b,UNK,UNK,O,M,eng
b,UNK,UNK,O,M,eng
r,UNK,UNK,O,M,eng
e,UNK,UNK,O,M,eng
v,UNK,UNK,O,M,eng
i,UNK,UNK,O,M,eng
a,UNK,UNK,O,M,eng
l,UNK,UNK,O,M,eng
i,UNK,UNK,O,M,eng
o,UNK,UNK,O,M,eng
n,UNK,UNK,O,M,eng
s,UNK,UNK,O,E,eng
SPACE,UNK,UNK,O,S,x
a,UNK,UNK,O,B,eng
r,UNK,UNK,O,M,eng
e,UNK,UNK,O,E,eng
SPACE,UNK,UNK,O,S,x
t,UNK,UNK,O,B,eng
h,UNK,UNK,O,M,eng
e,UNK,UNK,O,E,eng
SPACE,UNK,UNK,O,S,x
s,UNK,UNK,O,B,eng
a,UNK,UNK,O,M,eng
m,UNK,UNK,O,M,eng
e,UNK,UNK,O,E,eng
SPACE,UNK,UNK,O,S,x
a,UNK,UNK,O,B,eng
s,UNK,UNK,O,E,eng
SPACE,UNK,UNK,O,S,x
F,UNK,UNK,O,B,eng
i,UNK,UNK,O,M,eng
g,UNK,UNK,O,E,eng
LB,UNK,UNK,O,S,x
num,UNK,UNK,O,S,x
;,UNK,UNK,O,S,x
sep,sep,sep,sep,sep,sep
与,一,yǔ,O,S,p
SPACE,UNK,UNK,O,S,x
N,UNK,UNK,O,B,eng
C,UNK,UNK,O,E,eng
SPACE,UNK,UNK,O,S,x
组,纟,zǔ,O,S,zg
比,比,bǐ,O,B,d
较,车,jiào,O,E,d
SPACE,UNK,UNK,O,S,x
v,UNK,UNK,O,B,eng
s,UNK,UNK,O,E,eng
SPACE,UNK,UNK,O,S,x
N,UNK,UNK,O,B,eng
C,UNK,UNK,O,E,eng
SPACE,UNK,UNK,O,S,x
g,UNK,UNK,O,B,eng
r,UNK,UNK,O,M,eng
o,UNK,UNK,O,M,eng
u,UNK,UNK,O,M,eng
p,UNK,UNK,O,E,eng
",",UNK,UNK,O,S,x
a,UNK,UNK,O,B,eng
P,UNK,UNK,O,E,eng
<,UNK,UNK,O,S,x
num,UNK,UNK,O,B,m
.,UNK,UNK,O,E,m
SPACE,UNK,UNK,O,S,x
num,UNK,UNK,O,B,m
num,UNK,UNK,O,E,m
;,UNK,UNK,O,S,x
sep,sep,sep,sep,sep,sep
与,一,yǔ,O,S,p
SPACE,UNK,UNK,O,S,x
D,UNK,UNK,O,B,eng
M,UNK,UNK,O,E,eng
SPACE,UNK,UNK,O,S,x
组,纟,zǔ,O,S,zg
比,比,bǐ,O,B,d
较,车,jiào,O,E,d
SPACE,UNK,UNK,O,S,x
v,UNK,UNK,O,B,eng
s,UNK,UNK,O,E,eng
SPACE,UNK,UNK,O,S,x
D,UNK,UNK,O,B,eng
M,UNK,UNK,O,E,eng
SPACE,UNK,UNK,O,S,x
g,UNK,UNK,O,B,eng
r,UNK,UNK,O,M,eng
o,UNK,UNK,O,M,eng
u,UNK,UNK,O,M,eng
p,UNK,UNK,O,E,eng
SPACE,UNK,UNK,O,S,x
b,UNK,UNK,O,B,eng
P,UNK,UNK,O,E,eng
<,UNK,UNK,O,S,x
LB,UNK,UNK,O,S,x
num,UNK,UNK,O,B,m
.,UNK,UNK,O,E,m
SPACE,UNK,UNK,O,S,x
num,UNK,UNK,O,B,m
num,UNK,UNK,O,E,m
LB,UNK,UNK,O,S,x
比,比,bǐ,O,S,p
",",UNK,UNK,O,S,x
sep,sep,sep,sep,sep,sep
A,UNK,UNK,O,B,eng
C,UNK,UNK,O,M,eng
E,UNK,UNK,O,E,eng
SPACE,UNK,UNK,O,S,x
s,UNK,UNK,O,B,eng
h,UNK,UNK,O,M,eng
R,UNK,UNK,O,M,eng
N,UNK,UNK,O,M,eng
A,UNK,UNK,O,E,eng
SPACE,UNK,UNK,O,S,x
组,纟,zǔ,O,S,q
的,白,dí,O,S,uj
SPACE,UNK,UNK,O,S,x
A,UNK,UNK,B-Test,B,eng
C,UNK,UNK,I-Test,M,eng
E,UNK,UNK,I-Test,E,eng
SPACE,UNK,UNK,O,S,x
含,口,hán,O,B,n
量,里,liáng,O,E,n
明,日,míng,O,B,a
显,日,xiǎn,O,E,a
减,冫,jiǎn,B-Test_Value,B,v
少,小,shǎo,I-Test_Value,E,v
(,UNK,UNK,O,S,x
P,UNK,UNK,O,S,x
<,UNK,UNK,O,S,x
num,UNK,UNK,O,B,m
.,UNK,UNK,O,E,m
SPACE,UNK,UNK,O,S,x
num,UNK,UNK,O,B,m
num,UNK,UNK,O,E,m
),UNK,UNK,O,S,x
",",UNK,UNK,O,S,x
sep,sep,sep,sep,sep,sep
LB,UNK,UNK,O,S,x
A,UNK,UNK,O,B,eng
C,UNK,UNK,O,M,eng
E,UNK,UNK,O,E,eng
SPACE,UNK,UNK,O,S,x
s,UNK,UNK,O,B,eng
h,UNK,UNK,O,M,eng
R,UNK,UNK,O,M,eng
N,UNK,UNK,O,M,eng
A,UNK,UNK,O,E,eng
SPACE,UNK,UNK,O,S,x
组,纟,zǔ,O,B,v
与,一,yǔ,O,E,v
SPACE,UNK,UNK,O,S,x
A,UNK,UNK,B-Drug,B,eng
C,UNK,UNK,I-Drug,M,eng
E,UNK,UNK,I-Drug,M,eng
I,UNK,UNK,I-Drug,E,eng
SPACE,UNK,UNK,O,S,x
组,纟,zǔ,O,S,zg
SPACE,UNK,UNK,O,S,x
A,UNK,UNK,B-Test,B,eng
n,UNK,UNK,I-Test,M,eng
g,UNK,UNK,I-Test,E,eng
SPACE,UNK,UNK,O,S,x
num,UNK,UNK,O,S,m
的,白,dí,O,S,uj
含,口,hán,O,B,n
量,里,liáng,O,E,n
均,土,jūn,O,S,d
明,日,míng,O,B,a
显,日,xiǎn,O,E,a
减,冫,jiǎn,B-Test_Value,B,v
少,小,shǎo,I-Test_Value,E,v
",",UNK,UNK,O,S,x
sep,sep,sep,sep,sep,sep
LB,UNK,UNK,O,S,x
差,工,chà,O,B,n
异,廾,yì,O,E,n
有,月,yǒu,O,S,v
统,纟,tǒng,O,B,nt
计,讠,jì,O,M,nt
学,子,xué,O,E,nt
意,心,yì,O,B,n
义,丶,yì,O,E,n
(,UNK,UNK,O,S,x
均,土,jūn,O,S,d
SPACE,UNK,UNK,O,S,x
P,UNK,UNK,O,S,x
<,UNK,UNK,O,S,x
num,UNK,UNK,O,B,m
.,UNK,UNK,O,E,m
SPACE,UNK,UNK,O,S,x
num,UNK,UNK,O,B,m
num,UNK,UNK,O,E,m
),UNK,UNK,O,S,x
",",UNK,UNK,O,S,x
sep,sep,sep,sep,sep,sep
说,讠,shuō,O,B,v
明,日,míng,O,E,v
经,纟,jīng,O,B,p
过,辶,guò,O,E,p
基,土,jī,B-Treatment,B,n
因,囗,yīn,I-Treatment,E,n
阻,阝,zǔ,I-Treatment,B,v
断,斤,duàn,I-Treatment,E,v
LB,UNK,UNK,O,S,x
或,戈,huò,O,S,c
血,血,xiě,B-Drug,B,n
管,竹,guǎn,I-Drug,E,n
紧,糸,jǐn,I-Drug,B,a
张,弓,zhāng,I-Drug,E,a
素,糸,sù,I-Drug,S,n
转,车,zhuǎn,I-Drug,B,v
换,扌,huàn,I-Drug,E,v
酶,酉,méi,I-Drug,S,n
抑,扌,yì,I-Drug,B,nz
制,刂,zhì,I-Drug,M,nz
剂,刂,jì,I-Drug,E,nz
治,氵,zhì,O,B,v
疗,疒,liáo,O,E,v
后,口,hòu,O,S,f
",",UNK,UNK,O,S,x
sep,sep,sep,sep,sep,sep
R,UNK,UNK,B-Anatomy,B,eng
A,UNK,UNK,I-Anatomy,M,eng
S,UNK,UNK,I-Anatomy,E,eng
SPACE,UNK,UNK,O,S,x
功,力,gōng,O,B,n
能,月,néng,O,E,n
受,又,shòu,O,B,v
到,刂,dào,O,E,v
抑,扌,yì,O,S,zg
LB,UNK,UNK,O,S,x
制,刂,zhì,O,S,n
(,UNK,UNK,O,S,x
sep,sep,sep,sep,sep,sep
表,衣,biǎo,O,S,v
SPACE,UNK,UNK,O,S,x
num,UNK,UNK,O,S,x
),UNK,UNK,O,S,x
。,UNK,UNK,O,S,x
LB,UNK,UNK,O,S,x
表,衣,biǎo,O,S,v
SPACE,UNK,UNK,O,S,x
num,UNK,UNK,O,S,x
SPACE,UNK,UNK,O,S,x
SPACE,UNK,UNK,O,S,x
各,口,gè,O,B,r
组,纟,zǔ,O,E,r
大,大,dà,O,B,n
鼠,鼠,shǔ,O,E,n
血,血,xiě,O,B,n
清,氵,qīng,O,E,n
SPACE,UNK,UNK,O,S,x
A,UNK,UNK,B-Test,B,eng
C,UNK,UNK,I-Test,M,eng
E,UNK,UNK,I-Test,E,eng
SPACE,UNK,UNK,O,S,x
和,口,hé,O,S,c
SPACE,UNK,UNK,O,S,x
A,UNK,UNK,B-Test,B,eng
n,UNK,UNK,I-Test,M,eng
g,UNK,UNK,I-Test,E,eng
SPACE,UNK,UNK,I-Test,S,x
num,UNK,UNK,I-Test,S,m
的,白,dí,O,S,uj
浓,氵,nóng,O,B,n
度,广,dù,O,E,n
比,比,bǐ,O,B,d
较,车,jiào,O,E,d
(,UNK,UNK,O,S,x
x,UNK,UNK,O,S,x
-,UNK,UNK,O,S,x
±,UNK,UNK,O,S,x
SPACE,UNK,UNK,O,S,x
s,UNK,UNK,O,S,x
),UNK,UNK,O,S,x
sep,sep,sep,sep,sep,sep
LB,UNK,UNK,O,S,x
T,UNK,UNK,O,B,eng
a,UNK,UNK,O,M,eng
b,UNK,UNK,O,E,eng
SPACE,UNK,UNK,O,S,x
num,UNK,UNK,O,S,x
SPACE,UNK,UNK,O,S,x
SPACE,UNK,UNK,O,S,x
C,UNK,UNK,O,B,eng
o,UNK,UNK,O,M,eng
m,UNK,UNK,O,M,eng
p,UNK,UNK,O,M,eng
a,UNK,UNK,O,M,eng
r,UNK,UNK,O,M,eng
i,UNK,UNK,O,M,eng
s,UNK,UNK,O,M,eng
o,UNK,UNK,O,M,eng
n,UNK,UNK,O,E,eng
SPACE,UNK,UNK,O,S,x
o,UNK,UNK,O,B,eng
f,UNK,UNK,O,E,eng
SPACE,UNK,UNK,O,S,x
A,UNK,UNK,O,B,eng
C,UNK,UNK,O,M,eng
E,UNK,UNK,O,E,eng
sep,sep,sep,sep,sep,sep
SPACE,UNK,UNK,O,S,x
a,UNK,UNK,O,B,eng
n,UNK,UNK,O,M,eng
d,UNK,UNK,O,E,eng
SPACE,UNK,UNK,O,S,x
A,UNK,UNK,O,B,eng
n,UNK,UNK,O,M,eng
g,UNK,UNK,O,E,eng
SPACE,UNK,UNK,O,S,x
I,UNK,UNK,O,B,eng
I,UNK,UNK,O,E,eng
SPACE,UNK,UNK,O,S,x
i,UNK,UNK,O,B,eng
n,UNK,UNK,O,E,eng
SPACE,UNK,UNK,O,S,x
r,UNK,UNK,O,B,eng
a,UNK,UNK,O,M,eng
t,UNK,UNK,O,M,eng
s,UNK,UNK,O,E,eng
(,UNK,UNK,O,S,x
x,UNK,UNK,O,S,x
-,UNK,UNK,O,S,x
±,UNK,UNK,O,S,x
SPACE,UNK,UNK,O,S,x
s,UNK,UNK,O,S,x
),UNK,UNK,O,S,x
sep,sep,sep,sep,sep,sep
LB,UNK,UNK,O,S,x
组,纟,zǔ,O,B,v
别,刂,bié,O,E,v
LB,UNK,UNK,O,S,x
G,UNK,UNK,O,B,eng
r,UNK,UNK,O,M,eng
o,UNK,UNK,O,M,eng
u,UNK,UNK,O,M,eng
p,UNK,UNK,O,E,eng
LB,UNK,UNK,O,S,x
鼠,鼠,shǔ,O,B,n
数,攵,shù,O,E,n
LB,UNK,UNK,O,S,x
n,UNK,UNK,O,S,x
LB,UNK,UNK,O,S,x
A,UNK,UNK,O,B,eng
C,UNK,UNK,O,M,eng
E,UNK,UNK,O,E,eng
sep,sep,sep,sep,sep,sep
LB,UNK,UNK,O,S,x
(,UNK,UNK,O,S,x
n,UNK,UNK,O,B,eng
g,UNK,UNK,O,E,eng
SPACE,UNK,UNK,O,S,x
/,UNK,UNK,O,S,x
SPACE,UNK,UNK,O,S,x
m,UNK,UNK,O,B,eng
l,UNK,UNK,O,E,eng
),UNK,UNK,O,S,x
LB,UNK,UNK,O,S,x
A,UNK,UNK,O,B,eng
n,UNK,UNK,O,M,eng
g,UNK,UNK,O,E,eng
SPACE,UNK,UNK,O,S,x
num,UNK,UNK,O,S,x
sep,sep,sep,sep,sep,sep
LB,UNK,UNK,O,S,x
(,UNK,UNK,O,S,x
p,UNK,UNK,O,B,eng
g,UNK,UNK,O,E,eng
SPACE,UNK,UNK,O,S,x
/,UNK,UNK,O,S,x
SPACE,UNK,UNK,O,S,x
m,UNK,UNK,O,B,eng
l,UNK,UNK,O,E,eng
),UNK,UNK,O,S,x
LB,UNK,UNK,O,S,x
N,UNK,UNK,O,B,eng
C,UNK,UNK,O,E,eng
SPACE,UNK,UNK,O,S,x
num,UNK,UNK,O,S,x
SPACE,UNK,UNK,O,S,x
num,UNK,UNK,O,B,m
num,UNK,UNK,O,M,m
.,UNK,UNK,O,E,m
SPACE,UNK,UNK,O,S,x
num,UNK,UNK,O,B,m
num,UNK,UNK,O,E,m
SPACE,UNK,UNK,O,S,x
±,UNK,UNK,O,S,x
SPACE,UNK,UNK,O,S,x
num,UNK,UNK,O,B,m
.,UNK,UNK,O,E,m
SPACE,UNK,UNK,O,S,x
num,UNK,UNK,O,B,m
num,UNK,UNK,O,E,m
sep,sep,sep,sep,sep,sep
SPACE,UNK,UNK,O,S,x
num,UNK,UNK,O,B,m
num,UNK,UNK,O,M,m
.,UNK,UNK,O,E,m
SPACE,UNK,UNK,O,S,x
num,UNK,UNK,O,B,m
num,UNK,UNK,O,E,m
SPACE,UNK,UNK,O,S,x
±,UNK,UNK,O,S,x
SPACE,UNK,UNK,O,S,x
num,UNK,UNK,O,B,m
.,UNK,UNK,O,E,m
SPACE,UNK,UNK,O,S,x
num,UNK,UNK,O,B,m
num,UNK,UNK,O,E,m
LB,UNK,UNK,O,S,x
D,UNK,UNK,O,B,eng
M,UNK,UNK,O,E,eng
SPACE,UNK,UNK,O,S,x
num,UNK,UNK,O,S,x
sep,sep,sep,sep,sep,sep
SPACE,UNK,UNK,O,S,x
num,UNK,UNK,O,B,m
num,UNK,UNK,O,M,m
.,UNK,UNK,O,E,m
SPACE,UNK,UNK,O,S,x
num,UNK,UNK,O,B,m
num,UNK,UNK,O,E,m
SPACE,UNK,UNK,O,S,x
±,UNK,UNK,O,S,x
SPACE,UNK,UNK,O,S,x
num,UNK,UNK,O,B,m
.,UNK,UNK,O,E,m
SPACE,UNK,UNK,O,S,x
num,UNK,UNK,O,B,m
num,UNK,UNK,O,E,m
a,UNK,UNK,O,S,eng
SPACE,UNK,UNK,O,S,x
num,UNK,UNK,O,B,m
num,UNK,UNK,O,M,m
.,UNK,UNK,O,E,m
SPACE,UNK,UNK,O,S,x
num,UNK,UNK,O,B,m
num,UNK,UNK,O,E,m
SPACE,UNK,UNK,O,S,x
±,UNK,UNK,O,S,x
SPACE,UNK,UNK,O,S,x
num,UNK,UNK,O,B,m
.,UNK,UNK,O,E,m
SPACE,UNK,UNK,O,S,x
num,UNK,UNK,O,B,m
num,UNK,UNK,O,E,m
a,UNK,UNK,O,S,eng
sep,sep,sep,sep,sep,sep
LB,UNK,UNK,O,S,x
A,UNK,UNK,B-Drug,B,eng
C,UNK,UNK,I-Drug,M,eng
E,UNK,UNK,I-Drug,M,eng
I,UNK,UNK,I-Drug,E,eng
SPACE,UNK,UNK,O,S,x
num,UNK,UNK,O,S,x
SPACE,UNK,UNK,O,S,x
num,UNK,UNK,O,B,m
num,UNK,UNK,O,M,m
.,UNK,UNK,O,E,m
SPACE,UNK,UNK,O,S,x
num,UNK,UNK,O,B,m
num,UNK,UNK,O,E,m
SPACE,UNK,UNK,O,S,x
±,UNK,UNK,O,S,x
SPACE,UNK,UNK,O,S,x
num,UNK,UNK,O,B,m
.,UNK,UNK,O,E,m
SPACE,UNK,UNK,O,S,x
num,UNK,UNK,O,B,m
num,UNK,UNK,O,E,m
a,UNK,UNK,O,S,eng
SPACE,UNK,UNK,O,S,x
num,UNK,UNK,O,B,m
num,UNK,UNK,O,M,m
.,UNK,UNK,O,E,m
SPACE,UNK,UNK,O,S,x
num,UNK,UNK,O,B,m
num,UNK,UNK,O,E,m
SPACE,UNK,UNK,O,S,x
±,UNK,UNK,O,S,x
SPACE,UNK,UNK,O,S,x
num,UNK,UNK,O,B,m
.,UNK,UNK,O,E,m
SPACE,UNK,UNK,O,S,x
num,UNK,UNK,O,B,m
num,UNK,UNK,O,E,m
b,UNK,UNK,O,S,eng
sep,sep,sep,sep,sep,sep
LB,UNK,UNK,O,S,x
A,UNK,UNK,O,B,eng
C,UNK,UNK,O,M,eng
E,UNK,UNK,O,E,eng
SPACE,UNK,UNK,O,S,x
s,UNK,UNK,O,B,eng
h,UNK,UNK,O,M,eng
R,UNK,UNK,O,M,eng
N,UNK,UNK,O,M,eng
A,UNK,UNK,O,E,eng
SPACE,UNK,UNK,O,S,x
num,UNK,UNK,O,S,x
SPACE,UNK,UNK,O,S,x
num,UNK,UNK,O,B,m
num,UNK,UNK,O,M,m
.,UNK,UNK,O,E,m
SPACE,UNK,UNK,O,S,x
num,UNK,UNK,O,B,m
num,UNK,UNK,O,E,m
SPACE,UNK,UNK,O,S,x
±,UNK,UNK,O,S,x
SPACE,UNK,UNK,O,S,x
num,UNK,UNK,O,B,m
.,UNK,UNK,O,E,m
SPACE,UNK,UNK,O,S,x
num,UNK,UNK,O,B,m
num,UNK,UNK,O,E,m
b,UNK,UNK,O,S,eng
SPACE,UNK,UNK,O,S,x
num,UNK,UNK,O,B,m
num,UNK,UNK,O,M,m
.,UNK,UNK,O,E,m
SPACE,UNK,UNK,O,S,x
num,UNK,UNK,O,B,m
num,UNK,UNK,O,E,m
SPACE,UNK,UNK,O,S,x
±,UNK,UNK,O,S,x
SPACE,UNK,UNK,O,S,x
num,UNK,UNK,O,B,m
.,UNK,UNK,O,E,m
SPACE,UNK,UNK,O,S,x
num,UNK,UNK,O,B,m
num,UNK,UNK,O,E,m
b,UNK,UNK,O,S,eng
sep,sep,sep,sep,sep,sep
LB,UNK,UNK,O,S,x
注,氵,zhù,O,S,v
:,UNK,UNK,O,S,x
A,UNK,UNK,O,B,eng
C,UNK,UNK,O,M,eng
E,UNK,UNK,O,E,eng
:,UNK,UNK,O,S,x
血,血,xiě,O,B,n
管,竹,guǎn,O,E,n
紧,糸,jǐn,O,B,a
张,弓,zhāng,O,E,a
素,糸,sù,O,S,n
转,车,zhuǎn,O,B,v
换,扌,huàn,O,E,v
酶,酉,méi,O,S,n
SPACE,UNK,UNK,O,S,x
A,UNK,UNK,O,B,eng
n,UNK,UNK,O,M,eng
g,UNK,UNK,O,M,eng
i,UNK,UNK,O,M,eng
o,UNK,UNK,O,M,eng
t,UNK,UNK,O,M,eng
e,UNK,UNK,O,M,eng
n,UNK,UNK,O,M,eng
s,UNK,UNK,O,M,eng
i,UNK,UNK,O,M,eng
n,UNK,UNK,O,E,eng
-,UNK,UNK,O,S,x
c,UNK,UNK,O,B,eng
o,UNK,UNK,O,M,eng
n,UNK,UNK,O,M,eng
v,UNK,UNK,O,M,eng
e,UNK,UNK,O,M,eng
r,UNK,UNK,O,M,eng
t,UNK,UNK,O,M,eng
i,UNK,UNK,O,M,eng
n,UNK,UNK,O,M,eng
g,UNK,UNK,O,E,eng
SPACE,UNK,UNK,O,S,x
e,UNK,UNK,O,B,eng
n,UNK,UNK,O,M,eng
z,UNK,UNK,O,M,eng
y,UNK,UNK,O,M,eng
m,UNK,UNK,O,M,eng
e,UNK,UNK,O,E,eng
;,UNK,UNK,O,S,x
sep,sep,sep,sep,sep,sep
A,UNK,UNK,O,B,eng
n,UNK,UNK,O,M,eng
g,UNK,UNK,O,E,eng
SPACE,UNK,UNK,O,S,x
num,UNK,UNK,O,S,x
:,UNK,UNK,O,S,x
LB,UNK,UNK,O,S,x
血,血,xiě,O,B,n
管,竹,guǎn,O,E,n
紧,糸,jǐn,O,B,a
张,弓,zhāng,O,E,a
素,糸,sù,O,S,n
num,UNK,UNK,O,S,m
SPACE,UNK,UNK,O,S,x
A,UNK,UNK,O,B,eng
n,UNK,UNK,O,M,eng
g,UNK,UNK,O,M,eng
i,UNK,UNK,O,M,eng
o,UNK,UNK,O,M,eng
t,UNK,UNK,O,M,eng
e,UNK,UNK,O,M,eng
n,UNK,UNK,O,M,eng
s,UNK,UNK,O,M,eng
i,UNK,UNK,O,M,eng
n,UNK,UNK,O,E,eng
SPACE,UNK,UNK,O,S,x
域,土,yù,O,S,n
;,UNK,UNK,O,S,x
sep,sep,sep,sep,sep,sep
其,八,qí,O,B,r
他,亻,tā,O,E,r
略,田,lüè,O,B,v
语,讠,yǔ,O,E,v
同,口,tóng,O,B,n
图,囗,tú,O,E,n
SPACE,UNK,UNK,O,S,x
num,UNK,UNK,O,S,x
SPACE,UNK,UNK,O,S,x
T,UNK,UNK,O,B,eng
h,UNK,UNK,O,M,eng
e,UNK,UNK,O,E,eng
SPACE,UNK,UNK,O,S,x
o,UNK,UNK,O,B,eng
t,UNK,UNK,O,M,eng
h,UNK,UNK,O,M,eng
e,UNK,UNK,O,M,eng
r,UNK,UNK,O,E,eng
SPACE,UNK,UNK,O,S,x
a,UNK,UNK,O,B,eng
b,UNK,UNK,O,M,eng
b,UNK,UNK,O,M,eng
r,UNK,UNK,O,M,eng
e,UNK,UNK,O,M,eng
v,UNK,UNK,O,M,eng
i,UNK,UNK,O,M,eng
a,UNK,UNK,O,M,eng
t,UNK,UNK,O,M,eng
i,UNK,UNK,O,M,eng
o,UNK,UNK,O,M,eng
n,UNK,UNK,O,M,eng
s,UNK,UNK,O,E,eng
SPACE,UNK,UNK,O,S,x
a,UNK,UNK,O,B,eng
r,UNK,UNK,O,M,eng
e,UNK,UNK,O,E,eng
LB,UNK,UNK,O,S,x
t,UNK,UNK,O,B,eng
h,UNK,UNK,O,M,eng
e,UNK,UNK,O,E,eng
SPACE,UNK,UNK,O,S,x
s,UNK,UNK,O,B,eng
a,UNK,UNK,O,M,eng
m,UNK,UNK,O,M,eng
e,UNK,UNK,O,E,eng
SPACE,UNK,UNK,O,S,x
a,UNK,UNK,O,B,eng
s,UNK,UNK,O,E,eng
sep,sep,sep,sep,sep,sep
SPACE,UNK,UNK,O,S,x
F,UNK,UNK,O,B,eng
i,UNK,UNK,O,M,eng
g,UNK,UNK,O,E,eng
SPACE,UNK,UNK,O,S,x
num,UNK,UNK,O,S,x
;,UNK,UNK,O,S,x
与,一,yǔ,O,S,p
SPACE,UNK,UNK,O,S,x
N,UNK,UNK,O,B,eng
C,UNK,UNK,O,E,eng
SPACE,UNK,UNK,O,S,x
组,纟,zǔ,O,S,zg
比,比,bǐ,O,B,d
较,车,jiào,O,E,d
SPACE,UNK,UNK,O,S,x
v,UNK,UNK,O,B,eng
s,UNK,UNK,O,E,eng
SPACE,UNK,UNK,O,S,x
N,UNK,UNK,O,B,eng
C,UNK,UNK,O,E,eng
SPACE,UNK,UNK,O,S,x
g,UNK,UNK,O,B,eng
r,UNK,UNK,O,M,eng
o,UNK,UNK,O,M,eng
u,UNK,UNK,O,M,eng
p,UNK,UNK,O,E,eng
",",UNK,UNK,O,S,x
a,UNK,UNK,O,B,eng
P,UNK,UNK,O,E,eng
<,UNK,UNK,O,S,x
num,UNK,UNK,O,B,m
.,UNK,UNK,O,E,m
SPACE,UNK,UNK,O,S,x
num,UNK,UNK,O,B,m
num,UNK,UNK,O,E,m
;,UNK,UNK,O,S,x
sep,sep,sep,sep,sep,sep
与,一,yǔ,O,S,p
SPACE,UNK,UNK,O,S,x
D,UNK,UNK,O,B,eng
M,UNK,UNK,O,E,eng
SPACE,UNK,UNK,O,S,x
组,纟,zǔ,O,S,zg
比,比,bǐ,O,B,d
较,车,jiào,O,E,d
SPACE,UNK,UNK,O,S,x
v,UNK,UNK,O,B,eng
s,UNK,UNK,O,E,eng
LB,UNK,UNK,O,S,x
D,UNK,UNK,O,B,eng
M,UNK,UNK,O,E,eng
SPACE,UNK,UNK,O,S,x
g,UNK,UNK,O,B,eng
r,UNK,UNK,O,M,eng
o,UNK,UNK,O,M,eng
u,UNK,UNK,O,M,eng
p,UNK,UNK,O,E,eng
",",UNK,UNK,O,S,x
b,UNK,UNK,O,B,eng
P,UNK,UNK,O,E,eng
<,UNK,UNK,O,S,x
num,UNK,UNK,O,B,m
.,UNK,UNK,O,E,m
SPACE,UNK,UNK,O,S,x
num,UNK,UNK,O,B,m
num,UNK,UNK,O,E,m
sep,sep,sep,sep,sep,sep
LB,UNK,UNK,O,S,x
三,一,sān,O,S,m
、,UNK,UNK,O,S,x
SPACE,UNK,UNK,O,S,x
胰,月,yí,B-Anatomy,B,n
腺,月,xiàn,I-Anatomy,E,n
组,纟,zǔ,I-Anatomy,B,v
织,纟,zhī,I-Anatomy,E,v
SPACE,UNK,UNK,O,S,x
A,UNK,UNK,B-Test,B,eng
C,UNK,UNK,I-Test,M,eng
E,UNK,UNK,I-Test,E,eng
SPACE,UNK,UNK,I-Test,S,x
m,UNK,UNK,I-Test,B,eng
R,UNK,UNK,I-Test,M,eng
N,UNK,UNK,I-Test,M,eng
A,UNK,UNK,I-Test,E,eng
SPACE,UNK,UNK,O,S,x
和,口,hé,O,S,c
蛋,虫,dàn,B-Test,B,n
白,白,bái,I-Test,E,n
的,白,dí,I-Test,S,uj
表,衣,biǎo,I-Test,B,v
达,辶,dá,I-Test,E,v
LB,UNK,UNK,O,S,x
D,UNK,UNK,B-Disease,B,eng
M,UNK,UNK,I-Disease,E,eng
SPACE,UNK,UNK,O,S,x
组,纟,zǔ,O,S,zg
胰,月,yí,B-Anatomy,B,n
腺,月,xiàn,I-Anatomy,E,n
SPACE,UNK,UNK,O,S,x
A,UNK,UNK,B-Test,B,eng
C,UNK,UNK,I-Test,M,eng
E,UNK,UNK,I-Test,E,eng
SPACE,UNK,UNK,I-Test,S,x
m,UNK,UNK,I-Test,B,eng
R,UNK,UNK,I-Test,M,eng
N,UNK,UNK,I-Test,M,eng
A,UNK,UNK,I-Test,E,eng
SPACE,UNK,UNK,O,S,x
和,口,hé,O,S,c
蛋,虫,dàn,B-Test,B,n
白,白,bái,I-Test,E,n
表,衣,biǎo,O,S,v
均,土,jūn,O,B,a
达,辶,dá,O,E,a
较,车,jiào,O,S,zg
SPACE,UNK,UNK,O,S,x
N,UNK,UNK,B-Test_Value,B,eng
C,UNK,UNK,I-Test_Value,E,eng
SPACE,UNK,UNK,I-Test_Value,S,x
组,纟,zǔ,I-Test_Value,B,v
明,日,míng,I-Test_Value,E,v
LB,UNK,UNK,I-Test_Value,S,x
显,日,xiǎn,I-Test_Value,S,v
升,十,shēng,I-Test_Value,B,v
高,高,gāo,I-Test_Value,E,v
",",UNK,UNK,O,S,x
sep,sep,sep,sep,sep,sep
差,工,chà,O,B,n
异,廾,yì,O,E,n
有,月,yǒu,O,S,v
统,纟,tǒng,O,B,nt
计,讠,jì,O,M,nt
学,子,xué,O,E,nt
意,心,yì,O,B,n
义,丶,yì,O,E,n
。,UNK,UNK,O,S,x
sep,sep,sep,sep,sep,sep
SPACE,UNK,UNK,O,S,x
A,UNK,UNK,B-Drug,B,eng
C,UNK,UNK,I-Drug,M,eng
E,UNK,UNK,I-Drug,E,eng
SPACE,UNK,UNK,I-Drug,S,x
s,UNK,UNK,I-Drug,B,eng
h,UNK,UNK,I-Drug,M,eng
R,UNK,UNK,I-Drug,M,eng
N,UNK,UNK,I-Drug,M,eng
A,UNK,UNK,I-Drug,E,eng
SPACE,UNK,UNK,O,S,x
组,纟,zǔ,O,B,v
较,车,jiào,O,E,v
SPACE,UNK,UNK,O,S,x
D,UNK,UNK,B-Disease,B,eng
M,UNK,UNK,I-Disease,E,eng
SPACE,UNK,UNK,O,S,x
组,纟,zǔ,O,S,zg
LB,UNK,UNK,O,S,x
表,衣,biǎo,B-Test_Value,B,v
达,辶,dá,I-Test_Value,E,v
明,日,míng,I-Test_Value,B,n
显,日,xiǎn,I-Test_Value,M,n
降,阝,jiàng,I-Test_Value,M,n
低,亻,dī,I-Test_Value,E,n
",",UNK,UNK,O,S,x
sep,sep,sep,sep,sep,sep
差,工,chà,O,B,n
异,廾,yì,O,E,n
有,月,yǒu,O,S,v
统,纟,tǒng,O,B,nt
计,讠,jì,O,M,nt
学,子,xué,O,E,nt
意,心,yì,O,B,n
义,丶,yì,O,E,n
",",UNK,UNK,O,S,x
sep,sep,sep,sep,sep,sep
表,衣,biǎo,O,B,v
明,日,míng,O,E,v
糖,米,táng,B-Disease,B,n
尿,尸,niào,I-Disease,M,n
病,疒,bìng,I-Disease,E,n
大,大,dà,O,B,n
鼠,鼠,shǔ,O,E,n
注,氵,zhù,B-Method,S,v
LB,UNK,UNK,I-Method,S,x
射,寸,shè,I-Method,S,v
SPACE,UNK,UNK,O,S,x
A,UNK,UNK,B-Treatment,B,eng
d,UNK,UNK,I-Treatment,M,eng
num,UNK,UNK,I-Treatment,E,eng
-,UNK,UNK,I-Treatment,S,x
A,UNK,UNK,I-Treatment,B,eng
C,UNK,UNK,I-Treatment,M,eng
E,UNK,UNK,I-Treatment,E,eng
-,UNK,UNK,I-Treatment,S,x
s,UNK,UNK,I-Treatment,B,eng
h,UNK,UNK,I-Treatment,M,eng
R,UNK,UNK,I-Treatment,M,eng
N,UNK,UNK,I-Treatment,M,eng
A,UNK,UNK,I-Treatment,E,eng
SPACE,UNK,UNK,O,S,x
后,口,hòu,O,S,f
",",UNK,UNK,O,S,x
sep,sep,sep,sep,sep,sep
A,UNK,UNK,B-Test,B,eng
C,UNK,UNK,I-Test,M,eng
E,UNK,UNK,I-Test,E,eng
SPACE,UNK,UNK,I-Test,S,x
m,UNK,UNK,I-Test,B,eng
R,UNK,UNK,I-Test,M,eng
N,UNK,UNK,I-Test,M,eng
A,UNK,UNK,I-Test,E,eng
SPACE,UNK,UNK,O,S,x
和,口,hé,O,S,c
蛋,虫,dàn,B-Test,B,n
白,白,bái,I-Test,E,n
表,衣,biǎo,O,B,v
达,辶,dá,O,E,v
均,土,jūn,O,S,d
明,日,míng,B-Test_Value,B,a
显,日,xiǎn,I-Test_Value,E,a
LB,UNK,UNK,I-Test_Value,S,x
下,一,xià,I-Test_Value,B,v
降,阝,jiàng,I-Test_Value,E,v
(,UNK,UNK,O,S,x
sep,sep,sep,sep,sep,sep
图,囗,tú,O,S,n
SPACE,UNK,UNK,O,S,x
num,UNK,UNK,O,S,x
",",UNK,UNK,O,S,x
图,囗,tú,O,S,n
SPACE,UNK,UNK,O,S,x
num,UNK,UNK,O,S,x
),UNK,UNK,O,S,x
。,UNK,UNK,O,S,x
sep,sep,sep,sep,sep,sep
LB,UNK,UNK,O,S,x
四,囗,sì,O,S,m
、,UNK,UNK,O,S,x
SPACE,UNK,UNK,O,S,x
胰,月,yí,B-Test,B,n
岛,山,dǎo,I-Test,M,n
素,糸,sù,I-Test,E,n
敏,攵,mǐn,I-Test,B,a
感,心,gǎn,I-Test,E,a
指,扌,zhǐ,I-Test,B,n
数,攵,shù,I-Test,E,n
的,白,dí,O,S,uj
变,又,biàn,O,B,vn
化,亻,huà,O,E,vn
LB,UNK,UNK,O,S,x
D,UNK,UNK,B-Disease,B,eng
M,UNK,UNK,I-Disease,E,eng
SPACE,UNK,UNK,O,S,x
组,纟,zǔ,O,B,v
较,车,jiào,O,E,v
SPACE,UNK,UNK,O,S,x
N,UNK,UNK,O,B,eng
C,UNK,UNK,O,E,eng
SPACE,UNK,UNK,O,S,x
组,纟,zǔ,O,S,zg
胰,月,yí,B-Test,B,n
岛,山,dǎo,I-Test,M,n
素,糸,sù,I-Test,E,n
敏,攵,mǐn,I-Test,B,a
感,心,gǎn,I-Test,E,a
指,扌,zhǐ,I-Test,B,n
数,攵,shù,I-Test,E,n
显,日,xiǎn,B-Test_Value,B,a
著,艹,zhù,I-Test_Value,E,a
降,阝,jiàng,I-Test_Value,B,v
低,亻,dī,I-Test_Value,E,v
",",UNK,UNK,O,S,x
sep,sep,sep,sep,sep,sep
说,讠,shuō,O,B,v
明,日,míng,O,E,v
糖,米,táng,B-Disease,S,zg
LB,UNK,UNK,I-Disease,S,x
尿,尸,niào,I-Disease,B,n
病,疒,bìng,I-Disease,E,n
大,大,dà,O,B,n
鼠,鼠,shǔ,O,E,n
存,子,cún,O,B,v
在,土,zài,O,E,v
明,日,míng,O,B,a
显,日,xiǎn,O,E,a
的,白,dí,O,S,uj
胰,月,yí,B-Reason,B,n
岛,山,dǎo,I-Reason,M,n
素,糸,sù,I-Reason,E,n
抵,扌,dǐ,I-Reason,B,vn
抗,扌,kàng,I-Reason,E,vn
;,UNK,UNK,O,S,x
sep,sep,sep,sep,sep,sep
A,UNK,UNK,B-Drug,B,eng
C,UNK,UNK,I-Drug,M,eng
E,UNK,UNK,I-Drug,E,eng
SPACE,UNK,UNK,I-Drug,S,x
s,UNK,UNK,I-Drug,B,eng
h,UNK,UNK,I-Drug,M,eng
R,UNK,UNK,I-Drug,M,eng
N,UNK,UNK,I-Drug,M,eng
A,UNK,UNK,I-Drug,E,eng
SPACE,UNK,UNK,O,S,x
组,纟,zǔ,O,B,v
及,又,jí,O,E,v
LB,UNK,UNK,O,S,x
A,UNK,UNK,B-Drug,B,eng
C,UNK,UNK,I-Drug,M,eng
E,UNK,UNK,I-Drug,M,eng
I,UNK,UNK,I-Drug,E,eng
SPACE,UNK,UNK,O,S,x
组,纟,zǔ,O,B,v
较,车,jiào,O,E,v
SPACE,UNK,UNK,O,S,x
D,UNK,UNK,B-Disease,B,eng
M,UNK,UNK,I-Disease,E,eng
SPACE,UNK,UNK,O,S,x
组,纟,zǔ,O,S,zg
明,日,míng,O,B,a
显,日,xiǎn,O,E,a
增,土,zēng,O,B,v
高,高,gāo,O,E,v
(,UNK,UNK,O,S,x
均,土,jūn,O,S,d
SPACE,UNK,UNK,O,S,x
P,UNK,UNK,O,S,x
<,UNK,UNK,O,S,x
num,UNK,UNK,O,B,m
.,UNK,UNK,O,E,m
SPACE,UNK,UNK,O,S,x
num,UNK,UNK,O,B,m
num,UNK,UNK,O,E,m
),UNK,UNK,O,S,x
",",UNK,UNK,O,S,x
sep,sep,sep,sep,sep,sep
表,衣,biǎo,O,B,v
明,日,míng,O,E,v
糖,米,táng,B-Disease,B,n
尿,尸,niào,I-Disease,M,n
病,疒,bìng,I-Disease,E,n
LB,UNK,UNK,O,S,x
大,大,dà,O,B,n
鼠,鼠,shǔ,O,E,n
注,氵,zhù,B-Method,B,v
射,寸,shè,I-Method,E,v
SPACE,UNK,UNK,O,S,x
A,UNK,UNK,B-Treatment,B,eng
d,UNK,UNK,I-Treatment,M,eng
num,UNK,UNK,I-Treatment,E,eng
-,UNK,UNK,I-Treatment,S,x
A,UNK,UNK,I-Treatment,B,eng
C,UNK,UNK,I-Treatment,M,eng
E,UNK,UNK,I-Treatment,E,eng
-,UNK,UNK,I-Treatment,S,x
s,UNK,UNK,I-Treatment,B,eng
h,UNK,UNK,I-Treatment,M,eng
R,UNK,UNK,I-Treatment,M,eng
N,UNK,UNK,I-Treatment,M,eng
A,UNK,UNK,I-Treatment,E,eng
SPACE,UNK,UNK,O,S,x
或,戈,huò,O,B,d
经,纟,jīng,O,E,d
血,血,xiě,B-Drug,B,n
管,竹,guǎn,I-Drug,E,n
紧,糸,jǐn,I-Drug,B,a
张,弓,zhāng,I-Drug,E,a
素,糸,sù,I-Drug,S,n
转,车,zhuǎn,I-Drug,B,v
换,扌,huàn,I-Drug,E,v
酶,酉,méi,I-Drug,S,n
抑,扌,yì,I-Drug,S,v
LB,UNK,UNK,I-Drug,S,x
制,刂,zhì,I-Drug,B,n
剂,刂,jì,I-Drug,E,n
治,氵,zhì,O,B,v
疗,疒,liáo,O,E,v
后,口,hòu,O,S,f
",",UNK,UNK,O,S,x
sep,sep,sep,sep,sep,sep
胰,月,yí,B-Test,B,n
岛,山,dǎo,I-Test,M,n
素,糸,sù,I-Test,E,n
敏,攵,mǐn,I-Test,B,n
感,心,gǎn,I-Test,M,n
性,忄,xìng,I-Test,E,n
明,日,míng,B-Test_Value,B,nr
显,日,xiǎn,I-Test_Value,M,nr
提,扌,tí,I-Test_Value,M,nr
高,高,gāo,I-Test_Value,E,nr
(,UNK,UNK,O,S,x
sep,sep,sep,sep,sep,sep
表,衣,biǎo,O,S,v
SPACE,UNK,UNK,O,S,x
num,UNK,UNK,O,S,x
),UNK,UNK,O,S,x
。,UNK,UNK,O,S,x
LB,UNK,UNK,O,S,x
五,二,wǔ,O,S,m
sep,sep,sep,sep,sep,sep
、,UNK,UNK,O,S,x
SPACE,UNK,UNK,O,S,x
附,阝,fù,B-Anatomy,B,n
睾,目,gāo,I-Anatomy,E,n
脂,月,zhī,I-Anatomy,B,n
肪,月,fáng,I-Anatomy,M,n
组,纟,zǔ,I-Anatomy,M,n
织,纟,zhī,I-Anatomy,E,n
SPACE,UNK,UNK,O,S,x
G,UNK,UNK,B-Test,B,eng
L,UNK,UNK,I-Test,M,eng
U,UNK,UNK,I-Test,M,eng
T,UNK,UNK,I-Test,M,eng
num,UNK,UNK,I-Test,E,eng
SPACE,UNK,UNK,I-Test,S,x
的,白,dí,I-Test,S,uj
表,衣,biǎo,I-Test,B,v
达,辶,dá,I-Test,E,v
sep,sep,sep,sep,sep,sep
LB,UNK,UNK,O,S,x
注,氵,zhù,O,S,v
:,UNK,UNK,O,S,x
略,田,lüè,O,B,v
语,讠,yǔ,O,E,v
同,口,tóng,O,S,p
sep,sep,sep,sep,sep,sep
图,囗,tú,O,S,n
SPACE,UNK,UNK,O,S,x
num,UNK,UNK,O,S,x
SPACE,UNK,UNK,O,S,x
和,口,hé,O,S,c
表,衣,biǎo,O,S,v
SPACE,UNK,UNK,O,S,x
num,UNK,UNK,O,S,x
SPACE,UNK,UNK,O,S,x
T,UNK,UNK,O,B,eng
h,UNK,UNK,O,M,eng
e,UNK,UNK,O,E,eng
SPACE,UNK,UNK,O,S,x
a,UNK,UNK,O,B,eng
b,UNK,UNK,O,M,eng
b,UNK,UNK,O,M,eng
r,UNK,UNK,O,M,eng
e,UNK,UNK,O,M,eng
v,UNK,UNK,O,M,eng
i,UNK,UNK,O,M,eng
a,UNK,UNK,O,M,eng
t,UNK,UNK,O,M,eng
i,UNK,UNK,O,M,eng
o,UNK,UNK,O,M,eng
n,UNK,UNK,O,M,eng
s,UNK,UNK,O,E,eng
SPACE,UNK,UNK,O,S,x
a,UNK,UNK,O,B,eng
r,UNK,UNK,O,M,eng
e,UNK,UNK,O,E,eng
SPACE,UNK,UNK,O,S,x
t,UNK,UNK,O,B,eng
h,UNK,UNK,O,M,eng
e,UNK,UNK,O,E,eng
SPACE,UNK,UNK,O,S,x
s,UNK,UNK,O,B,eng
a,UNK,UNK,O,M,eng
m,UNK,UNK,O,M,eng
e,UNK,UNK,O,E,eng
SPACE,UNK,UNK,O,S,x
a,UNK,UNK,O,B,eng
s,UNK,UNK,O,E,eng
sep,sep,sep,sep,sep,sep
SPACE,UNK,UNK,O,S,x
F,UNK,UNK,O,B,eng
i,UNK,UNK,O,M,eng
g,UNK,UNK,O,E,eng
SPACE,UNK,UNK,O,S,x
num,UNK,UNK,O,S,x
SPACE,UNK,UNK,O,S,x
a,UNK,UNK,O,B,eng
n,UNK,UNK,O,M,eng
d,UNK,UNK,O,E,eng
SPACE,UNK,UNK,O,S,x
T,UNK,UNK,O,B,eng
a,UNK,UNK,O,M,eng
b,UNK,UNK,O,E,eng
LB,UNK,UNK,O,S,x
num,UNK,UNK,O,S,x
;,UNK,UNK,O,S,x
sep,sep,sep,sep,sep,sep
与,一,yǔ,O,S,p
SPACE,UNK,UNK,O,S,x
N,UNK,UNK,O,B,eng
C,UNK,UNK,O,E,eng
SPACE,UNK,UNK,O,S,x
组,纟,zǔ,O,S,zg
比,比,bǐ,O,B,d
较,车,jiào,O,E,d
SPACE,UNK,UNK,O,S,x
v,UNK,UNK,O,B,eng
s,UNK,UNK,O,E,eng
SPACE,UNK,UNK,O,S,x
N,UNK,UNK,O,B,eng
C,UNK,UNK,O,E,eng
SPACE,UNK,UNK,O,S,x
g,UNK,UNK,O,B,eng
r,UNK,UNK,O,M,eng
o,UNK,UNK,O,M,eng
u,UNK,UNK,O,M,eng
p,UNK,UNK,O,E,eng
",",UNK,UNK,O,S,x
a,UNK,UNK,O,B,eng
P,UNK,UNK,O,E,eng
<,UNK,UNK,O,S,x
num,UNK,UNK,O,B,m
.,UNK,UNK,O,E,m
SPACE,UNK,UNK,O,S,x
num,UNK,UNK,O,B,m
num,UNK,UNK,O,E,m
;,UNK,UNK,O,S,x
sep,sep,sep,sep,sep,sep
与,一,yǔ,O,S,p
SPACE,UNK,UNK,O,S,x
D,UNK,UNK,O,B,eng
M,UNK,UNK,O,E,eng
SPACE,UNK,UNK,O,S,x
组,纟,zǔ,O,S,zg
比,比,bǐ,O,B,d
较,车,jiào,O,E,d
SPACE,UNK,UNK,O,S,x
v,UNK,UNK,O,B,eng
s,UNK,UNK,O,E,eng
SPACE,UNK,UNK,O,S,x
D,UNK,UNK,O,B,eng
M,UNK,UNK,O,E,eng
SPACE,UNK,UNK,O,S,x
g,UNK,UNK,O,B,eng
r,UNK,UNK,O,M,eng
o,UNK,UNK,O,M,eng
u,UNK,UNK,O,M,eng
p,UNK,UNK,O,E,eng
",",UNK,UNK,O,S,x
sep,sep,sep,sep,sep,sep
SPACE,UNK,UNK,O,S,x
b,UNK,UNK,O,B,eng
P,UNK,UNK,O,E,eng
<,UNK,UNK,O,S,x
LB,UNK,UNK,O,S,x
num,UNK,UNK,O,B,m
.,UNK,UNK,O,E,m
SPACE,UNK,UNK,O,S,x
num,UNK,UNK,O,B,m
num,UNK,UNK,O,E,m
LB,UNK,UNK,O,S,x
图,囗,tú,O,S,n
SPACE,UNK,UNK,O,S,x
num,UNK,UNK,O,S,x
SPACE,UNK,UNK,O,S,x
SPACE,UNK,UNK,O,S,x
胰,月,yí,O,B,n
腺,月,xiàn,O,E,n
组,纟,zǔ,O,B,v
织,纟,zhī,O,E,v
SPACE,UNK,UNK,O,S,x
A,UNK,UNK,O,B,eng
C,UNK,UNK,O,M,eng
E,UNK,UNK,O,E,eng
SPACE,UNK,UNK,O,S,x
m,UNK,UNK,O,B,eng
R,UNK,UNK,O,M,eng
N,UNK,UNK,O,M,eng
A,UNK,UNK,O,E,eng
SPACE,UNK,UNK,O,S,x
的,白,dí,O,S,uj
表,衣,biǎo,O,B,v
达,辶,dá,O,E,v
sep,sep,sep,sep,sep,sep
LB,UNK,UNK,O,S,x
F,UNK,UNK,O,B,eng
i,UNK,UNK,O,M,eng
g,UNK,UNK,O,E,eng
SPACE,UNK,UNK,O,S,x
num,UNK,UNK,O,S,x
SPACE,UNK,UNK,O,S,x
SPACE,UNK,UNK,O,S,x
E,UNK,UNK,O,B,eng
x,UNK,UNK,O,M,eng
p,UNK,UNK,O,M,eng
r,UNK,UNK,O,M,eng
e,UNK,UNK,O,M,eng
s,UNK,UNK,O,M,eng
s,UNK,UNK,O,M,eng
i,UNK,UNK,O,M,eng
o,UNK,UNK,O,M,eng
n,UNK,UNK,O,E,eng
SPACE,UNK,UNK,O,S,x
o,UNK,UNK,O,B,eng
f,UNK,UNK,O,E,eng
SPACE,UNK,UNK,O,S,x
A,UNK,UNK,O,B,eng
C,UNK,UNK,O,M,eng
E,UNK,UNK,O,E,eng
SPACE,UNK,UNK,O,S,x
m,UNK,UNK,O,B,eng
R,UNK,UNK,O,M,eng
N,UNK,UNK,O,M,eng
A,UNK,UNK,O,E,eng
SPACE,UNK,UNK,O,S,x
i,UNK,UNK,O,B,eng
n,UNK,UNK,O,E,eng
SPACE,UNK,UNK,O,S,x
p,UNK,UNK,O,B,eng
a,UNK,UNK,O,M,eng
n,UNK,UNK,O,M,eng
c,UNK,UNK,O,M,eng
r,UNK,UNK,O,M,eng
e,UNK,UNK,O,M,eng
a,UNK,UNK,O,M,eng
s,UNK,UNK,O,E,eng
sep,sep,sep,sep,sep,sep
LB,UNK,UNK,O,S,x
注,氵,zhù,O,S,v
:,UNK,UNK,O,S,x
略,田,lüè,O,B,v
语,讠,yǔ,O,E,v
同,口,tóng,O,S,p
sep,sep,sep,sep,sep,sep
图,囗,tú,O,S,n
SPACE,UNK,UNK,O,S,x
num,UNK,UNK,O,S,x
SPACE,UNK,UNK,O,S,x
和,口,hé,O,S,c
表,衣,biǎo,O,S,v
SPACE,UNK,UNK,O,S,x
num,UNK,UNK,O,S,x
SPACE,UNK,UNK,O,S,x
T,UNK,UNK,O,B,eng
h,UNK,UNK,O,M,eng
e,UNK,UNK,O,E,eng
SPACE,UNK,UNK,O,S,x
a,UNK,UNK,O,B,eng
b,UNK,UNK,O,M,eng
b,UNK,UNK,O,M,eng
r,UNK,UNK,O,M,eng
e,UNK,UNK,O,M,eng
v,UNK,UNK,O,M,eng
i,UNK,UNK,O,M,eng
a,UNK,UNK,O,M,eng
t,UNK,UNK,O,M,eng
i,UNK,UNK,O,M,eng
o,UNK,UNK,O,M,eng
n,UNK,UNK,O,M,eng
s,UNK,UNK,O,E,eng
SPACE,UNK,UNK,O,S,x
a,UNK,UNK,O,B,eng
r,UNK,UNK,O,M,eng
e,UNK,UNK,O,E,eng
SPACE,UNK,UNK,O,S,x
t,UNK,UNK,O,B,eng
h,UNK,UNK,O,M,eng
e,UNK,UNK,O,E,eng
SPACE,UNK,UNK,O,S,x
s,UNK,UNK,O,B,eng
a,UNK,UNK,O,M,eng
m,UNK,UNK,O,M,eng
e,UNK,UNK,O,E,eng
SPACE,UNK,UNK,O,S,x
a,UNK,UNK,O,B,eng
s,UNK,UNK,O,E,eng
sep,sep,sep,sep,sep,sep
SPACE,UNK,UNK,O,S,x
F,UNK,UNK,O,B,eng
i,UNK,UNK,O,M,eng
g,UNK,UNK,O,E,eng
SPACE,UNK,UNK,O,S,x
num,UNK,UNK,O,S,x
SPACE,UNK,UNK,O,S,x
a,UNK,UNK,O,B,eng
n,UNK,UNK,O,M,eng
d,UNK,UNK,O,E,eng
SPACE,UNK,UNK,O,S,x
T,UNK,UNK,O,B,eng
a,UNK,UNK,O,M,eng
b,UNK,UNK,O,E,eng
LB,UNK,UNK,O,S,x
num,UNK,UNK,O,S,x
;,UNK,UNK,O,S,x
sep,sep,sep,sep,sep,sep
与,一,yǔ,O,S,p
SPACE,UNK,UNK,O,S,x
N,UNK,UNK,O,B,eng
C,UNK,UNK,O,E,eng
SPACE,UNK,UNK,O,S,x
组,纟,zǔ,O,S,zg
比,比,bǐ,O,B,d
较,车,jiào,O,E,d
SPACE,UNK,UNK,O,S,x
v,UNK,UNK,O,B,eng
s,UNK,UNK,O,E,eng
SPACE,UNK,UNK,O,S,x
N,UNK,UNK,O,B,eng
C,UNK,UNK,O,E,eng
SPACE,UNK,UNK,O,S,x
g,UNK,UNK,O,B,eng
r,UNK,UNK,O,M,eng
o,UNK,UNK,O,M,eng
u,UNK,UNK,O,M,eng
p,UNK,UNK,O,E,eng
",",UNK,UNK,O,S,x
a,UNK,UNK,O,B,eng
P,UNK,UNK,O,E,eng
<,UNK,UNK,O,S,x
num,UNK,UNK,O,B,m
.,UNK,UNK,O,E,m
SPACE,UNK,UNK,O,S,x
num,UNK,UNK,O,B,m
num,UNK,UNK,O,E,m
;,UNK,UNK,O,S,x
sep,sep,sep,sep,sep,sep
与,一,yǔ,O,S,p
SPACE,UNK,UNK,O,S,x
D,UNK,UNK,O,B,eng
M,UNK,UNK,O,E,eng
SPACE,UNK,UNK,O,S,x
组,纟,zǔ,O,S,zg
比,比,bǐ,O,B,d
较,车,jiào,O,E,d
SPACE,UNK,UNK,O,S,x
v,UNK,UNK,O,B,eng
s,UNK,UNK,O,E,eng
SPACE,UNK,UNK,O,S,x
D,UNK,UNK,O,B,eng
M,UNK,UNK,O,E,eng
SPACE,UNK,UNK,O,S,x
g,UNK,UNK,O,B,eng
r,UNK,UNK,O,M,eng
o,UNK,UNK,O,M,eng
u,UNK,UNK,O,M,eng
p,UNK,UNK,O,E,eng
",",UNK,UNK,O,S,x
b,UNK,UNK,O,B,eng
P,UNK,UNK,O,E,eng
<,UNK,UNK,O,S,x
LB,UNK,UNK,O,S,x
num,UNK,UNK,O,B,m
.,UNK,UNK,O,E,m
SPACE,UNK,UNK,O,S,x
num,UNK,UNK,O,B,m
num,UNK,UNK,O,E,m
sep,sep,sep,sep,sep,sep
LB,UNK,UNK,O,S,x
图,囗,tú,O,S,n
SPACE,UNK,UNK,O,S,x
num,UNK,UNK,O,S,x
SPACE,UNK,UNK,O,S,x
SPACE,UNK,UNK,O,S,x
胰,月,yí,O,B,n
腺,月,xiàn,O,E,n
组,纟,zǔ,O,B,v
织,纟,zhī,O,E,v
SPACE,UNK,UNK,O,S,x
A,UNK,UNK,O,B,eng
C,UNK,UNK,O,M,eng
E,UNK,UNK,O,E,eng
SPACE,UNK,UNK,O,S,x
蛋,虫,dàn,O,B,n
白,白,bái,O,E,n
的,白,dí,O,S,uj
表,衣,biǎo,O,B,v
达,辶,dá,O,E,v
sep,sep,sep,sep,sep,sep
LB,UNK,UNK,O,S,x
F,UNK,UNK,O,B,eng
i,UNK,UNK,O,M,eng
g,UNK,UNK,O,E,eng
SPACE,UNK,UNK,O,S,x
num,UNK,UNK,O,S,x
SPACE,UNK,UNK,O,S,x
SPACE,UNK,UNK,O,S,x
E,UNK,UNK,O,B,eng
x,UNK,UNK,O,M,eng
p,UNK,UNK,O,M,eng
r,UNK,UNK,O,M,eng
e,UNK,UNK,O,M,eng
s,UNK,UNK,O,M,eng
s,UNK,UNK,O,M,eng
i,UNK,UNK,O,M,eng
o,UNK,UNK,O,M,eng
n,UNK,UNK,O,E,eng
SPACE,UNK,UNK,O,S,x
o,UNK,UNK,O,B,eng
f,UNK,UNK,O,E,eng
SPACE,UNK,UNK,O,S,x
A,UNK,UNK,O,B,eng
C,UNK,UNK,O,M,eng
E,UNK,UNK,O,E,eng
SPACE,UNK,UNK,O,S,x
p,UNK,UNK,O,B,eng
r,UNK,UNK,O,M,eng
o,UNK,UNK,O,M,eng
t,UNK,UNK,O,M,eng
e,UNK,UNK,O,M,eng
i,UNK,UNK,O,M,eng
n,UNK,UNK,O,E,eng
SPACE,UNK,UNK,O,S,x
i,UNK,UNK,O,B,eng
n,UNK,UNK,O,E,eng
SPACE,UNK,UNK,O,S,x
p,UNK,UNK,O,B,eng
a,UNK,UNK,O,M,eng
n,UNK,UNK,O,M,eng
c,UNK,UNK,O,M,eng
r,UNK,UNK,O,M,eng
e,UNK,UNK,O,M,eng
a,UNK,UNK,O,M,eng
s,UNK,UNK,O,E,eng
sep,sep,sep,sep,sep,sep
LB,UNK,UNK,O,S,x
表,衣,biǎo,O,S,v
SPACE,UNK,UNK,O,S,x
num,UNK,UNK,O,S,x
SPACE,UNK,UNK,O,S,x
SPACE,UNK,UNK,O,S,x
各,口,gè,O,B,r
组,纟,zǔ,O,E,r
大,大,dà,O,B,n
鼠,鼠,shǔ,O,E,n
糖,米,táng,O,S,zg
代,亻,dài,O,B,v
谢,讠,xiè,O,E,v
指,扌,zhǐ,O,B,n
标,木,biāo,O,E,n
的,白,dí,O,S,uj
比,比,bǐ,O,B,d
较,车,jiào,O,E,d
(,UNK,UNK,O,S,x
x,UNK,UNK,O,S,x
-,UNK,UNK,O,S,x
±,UNK,UNK,O,S,x
SPACE,UNK,UNK,O,S,x
s,UNK,UNK,O,S,x
),UNK,UNK,O,S,x
sep,sep,sep,sep,sep,sep
LB,UNK,UNK,O,S,x
T,UNK,UNK,O,B,eng
a,UNK,UNK,O,M,eng
b,UNK,UNK,O,E,eng
SPACE,UNK,UNK,O,S,x
num,UNK,UNK,O,S,x
SPACE,UNK,UNK,O,S,x
C,UNK,UNK,O,B,eng
o,UNK,UNK,O,M,eng
m,UNK,UNK,O,M,eng
p,UNK,UNK,O,M,eng
a,UNK,UNK,O,M,eng
r,UNK,UNK,O,M,eng
i,UNK,UNK,O,M,eng
s,UNK,UNK,O,M,eng
o,UNK,UNK,O,M,eng
n,UNK,UNK,O,E,eng
SPACE,UNK,UNK,O,S,x
o,UNK,UNK,O,B,eng
f,UNK,UNK,O,E,eng
SPACE,UNK,UNK,O,S,x
g,UNK,UNK,O,B,eng
l,UNK,UNK,O,M,eng
u,UNK,UNK,O,M,eng
c,UNK,UNK,O,M,eng
o,UNK,UNK,O,M,eng
s,UNK,UNK,O,M,eng
e,UNK,UNK,O,E,eng
SPACE,UNK,UNK,O,S,x
m,UNK,UNK,O,B,eng
e,UNK,UNK,O,M,eng
t,UNK,UNK,O,M,eng
a,UNK,UNK,O,M,eng
b,UNK,UNK,O,M,eng
o,UNK,UNK,O,M,eng
l,UNK,UNK,O,M,eng
i,UNK,UNK,O,M,eng
c,UNK,UNK,O,E,eng
SPACE,UNK,UNK,O,S,x
c,UNK,UNK,O,B,eng
h,UNK,UNK,O,M,eng
a,UNK,UNK,O,M,eng
r,UNK,UNK,O,M,eng
a,UNK,UNK,O,M,eng
c,UNK,UNK,O,M,eng
t,UNK,UNK,O,M,eng
e,UNK,UNK,O,M,eng
r,UNK,UNK,O,M,eng
i,UNK,UNK,O,M,eng
s,UNK,UNK,O,M,eng
t,UNK,UNK,O,M,eng
i,UNK,UNK,O,M,eng
c,UNK,UNK,O,M,eng
s,UNK,UNK,O,E,eng
SPACE,UNK,UNK,O,S,x
i,UNK,UNK,O,B,eng
n,UNK,UNK,O,E,eng
SPACE,UNK,UNK,O,S,x
r,UNK,UNK,O,B,eng
a,UNK,UNK,O,M,eng
t,UNK,UNK,O,M,eng
s,UNK,UNK,O,E,eng
(,UNK,UNK,O,S,x
x,UNK,UNK,O,S,x
-,UNK,UNK,O,S,x
±,UNK,UNK,O,S,x
SPACE,UNK,UNK,O,S,x
s,UNK,UNK,O,S,x
),UNK,UNK,O,S,x
sep,sep,sep,sep,sep,sep
LB,UNK,UNK,O,S,x
组,纟,zǔ,O,B,v
别,刂,bié,O,E,v
LB,UNK,UNK,O,S,x
G,UNK,UNK,O,B,eng
r,UNK,UNK,O,M,eng
o,UNK,UNK,O,M,eng
u,UNK,UNK,O,M,eng
p,UNK,UNK,O,E,eng
LB,UNK,UNK,O,S,x
鼠,鼠,shǔ,O,B,n
数,攵,shù,O,E,n
LB,UNK,UNK,O,S,x
n,UNK,UNK,O,S,x
LB,UNK,UNK,O,S,x
F,UNK,UNK,B-Test,B,eng
P,UNK,UNK,I-Test,M,eng
G,UNK,UNK,I-Test,E,eng
sep,sep,sep,sep,sep,sep
LB,UNK,UNK,O,S,x
(,UNK,UNK,O,S,x
m,UNK,UNK,O,B,eng
m,UNK,UNK,O,M,eng
o,UNK,UNK,O,M,eng
l,UNK,UNK,O,E,eng
SPACE,UNK,UNK,O,S,x
/,UNK,UNK,O,S,x
SPACE,UNK,UNK,O,S,x
L,UNK,UNK,O,S,x
),UNK,UNK,O,S,x
LB,UNK,UNK,O,S,x
F,UNK,UNK,B-Test,B,eng
I,UNK,UNK,I-Test,M,eng
N,UNK,UNK,I-Test,M,eng
S,UNK,UNK,I-Test,E,eng
sep,sep,sep,sep,sep,sep
LB,UNK,UNK,O,S,x
(,UNK,UNK,O,S,x
m,UNK,UNK,O,B,eng
U,UNK,UNK,O,E,eng
SPACE,UNK,UNK,O,S,x
/,UNK,UNK,O,S,x
SPACE,UNK,UNK,O,S,x
L,UNK,UNK,O,S,x
),UNK,UNK,O,S,x
SPACE,UNK,UNK,O,S,x
I,UNK,UNK,O,B,eng
S,UNK,UNK,O,M,eng
I,UNK,UNK,O,E,eng
LB,UNK,UNK,O,S,x
N,UNK,UNK,O,B,eng
C,UNK,UNK,O,E,eng
SPACE,UNK,UNK,O,S,x
num,UNK,UNK,O,S,x
sep,sep,sep,sep,sep,sep
SPACE,UNK,UNK,O,S,x
num,UNK,UNK,O,B,m
.,UNK,UNK,O,E,m
SPACE,UNK,UNK,O,S,x
num,UNK,UNK,O,B,m
num,UNK,UNK,O,E,m
SPACE,UNK,UNK,O,S,x
±,UNK,UNK,O,S,x
SPACE,UNK,UNK,O,S,x
num,UNK,UNK,O,B,m
.,UNK,UNK,O,E,m
SPACE,UNK,UNK,O,S,x
num,UNK,UNK,O,B,m
num,UNK,UNK,O,E,m
SPACE,UNK,UNK,O,S,x
num,UNK,UNK,O,B,m
num,UNK,UNK,O,M,m
.,UNK,UNK,O,E,m
SPACE,UNK,UNK,O,S,x
num,UNK,UNK,O,B,m
num,UNK,UNK,O,E,m
SPACE,UNK,UNK,O,S,x
±,UNK,UNK,O,S,x
SPACE,UNK,UNK,O,S,x
num,UNK,UNK,O,B,m
.,UNK,UNK,O,E,m
SPACE,UNK,UNK,O,S,x
num,UNK,UNK,O,B,m
num,UNK,UNK,O,E,m
SPACE,UNK,UNK,O,S,x
-,UNK,UNK,O,S,x
num,UNK,UNK,O,B,m
.,UNK,UNK,O,E,m
SPACE,UNK,UNK,O,S,x
num,UNK,UNK,O,B,m
num,UNK,UNK,O,E,m
SPACE,UNK,UNK,O,S,x
±,UNK,UNK,O,S,x
SPACE,UNK,UNK,O,S,x
num,UNK,UNK,O,B,m
.,UNK,UNK,O,E,m
SPACE,UNK,UNK,O,S,x
num,UNK,UNK,O,B,m
num,UNK,UNK,O,E,m
sep,sep,sep,sep,sep,sep
LB,UNK,UNK,O,S,x
D,UNK,UNK,O,B,eng
M,UNK,UNK,O,E,eng
SPACE,UNK,UNK,O,S,x
num,UNK,UNK,O,S,x
SPACE,UNK,UNK,O,S,x
num,UNK,UNK,O,B,m
num,UNK,UNK,O,M,m
.,UNK,UNK,O,E,m
SPACE,UNK,UNK,O,S,x
num,UNK,UNK,O,B,m
num,UNK,UNK,O,E,m
SPACE,UNK,UNK,O,S,x
±,UNK,UNK,O,S,x
SPACE,UNK,UNK,O,S,x
num,UNK,UNK,O,B,m
.,UNK,UNK,O,E,m
SPACE,UNK,UNK,O,S,x
num,UNK,UNK,O,B,m
num,UNK,UNK,O,E,m
a,UNK,UNK,O,S,eng
SPACE,UNK,UNK,O,S,x
num,UNK,UNK,O,B,m
num,UNK,UNK,O,M,m
.,UNK,UNK,O,E,m
SPACE,UNK,UNK,O,S,x
num,UNK,UNK,O,B,m
num,UNK,UNK,O,E,m
SPACE,UNK,UNK,O,S,x
±,UNK,UNK,O,S,x
SPACE,UNK,UNK,O,S,x
num,UNK,UNK,O,B,m
.,UNK,UNK,O,E,m
SPACE,UNK,UNK,O,S,x
num,UNK,UNK,O,B,m
num,UNK,UNK,O,E,m
a,UNK,UNK,O,S,eng
SPACE,UNK,UNK,O,S,x
-,UNK,UNK,O,S,x
num,UNK,UNK,O,B,m
.,UNK,UNK,O,E,m
SPACE,UNK,UNK,O,S,x
num,UNK,UNK,O,B,m
num,UNK,UNK,O,E,m
SPACE,UNK,UNK,O,S,x
±,UNK,UNK,O,S,x
SPACE,UNK,UNK,O,S,x
num,UNK,UNK,O,B,m
.,UNK,UNK,O,E,m
SPACE,UNK,UNK,O,S,x
num,UNK,UNK,O,B,m
num,UNK,UNK,O,E,m
a,UNK,UNK,O,S,eng
sep,sep,sep,sep,sep,sep
LB,UNK,UNK,O,S,x
A,UNK,UNK,B-Drug,B,eng
C,UNK,UNK,I-Drug,M,eng
E,UNK,UNK,I-Drug,M,eng
I,UNK,UNK,I-Drug,E,eng
SPACE,UNK,UNK,O,S,x
num,UNK,UNK,O,S,x
SPACE,UNK,UNK,O,S,x
num,UNK,UNK,O,B,m
num,UNK,UNK,O,M,m
.,UNK,UNK,O,E,m
SPACE,UNK,UNK,O,S,x
num,UNK,UNK,O,B,m
num,UNK,UNK,O,E,m
SPACE,UNK,UNK,O,S,x
±,UNK,UNK,O,S,x
SPACE,UNK,UNK,O,S,x
num,UNK,UNK,O,B,m
.,UNK,UNK,O,E,m
SPACE,UNK,UNK,O,S,x
num,UNK,UNK,O,B,m
num,UNK,UNK,O,E,m
a,UNK,UNK,O,B,eng
b,UNK,UNK,O,E,eng
SPACE,UNK,UNK,O,S,x
num,UNK,UNK,O,B,m
num,UNK,UNK,O,M,m
.,UNK,UNK,O,E,m
SPACE,UNK,UNK,O,S,x
num,UNK,UNK,O,B,m
num,UNK,UNK,O,E,m
SPACE,UNK,UNK,O,S,x
±,UNK,UNK,O,S,x
SPACE,UNK,UNK,O,S,x
num,UNK,UNK,O,B,m
.,UNK,UNK,O,E,m
SPACE,UNK,UNK,O,S,x
num,UNK,UNK,O,B,m
num,UNK,UNK,O,E,m
a,UNK,UNK,O,B,eng
b,UNK,UNK,O,E,eng
SPACE,UNK,UNK,O,S,x
-,UNK,UNK,O,S,x
num,UNK,UNK,O,B,m
.,UNK,UNK,O,E,m
SPACE,UNK,UNK,O,S,x
num,UNK,UNK,O,B,m
num,UNK,UNK,O,E,m
SPACE,UNK,UNK,O,S,x
±,UNK,UNK,O,S,x
SPACE,UNK,UNK,O,S,x
num,UNK,UNK,O,B,m
.,UNK,UNK,O,E,m
SPACE,UNK,UNK,O,S,x
num,UNK,UNK,O,B,m
num,UNK,UNK,O,E,m
a,UNK,UNK,O,B,eng
b,UNK,UNK,O,E,eng
sep,sep,sep,sep,sep,sep
LB,UNK,UNK,O,S,x
A,UNK,UNK,O,B,eng
C,UNK,UNK,O,M,eng
E,UNK,UNK,O,E,eng
SPACE,UNK,UNK,O,S,x
s,UNK,UNK,O,B,eng
h,UNK,UNK,O,M,eng
R,UNK,UNK,O,M,eng
N,UNK,UNK,O,M,eng
A,UNK,UNK,O,E,eng
SPACE,UNK,UNK,O,S,x
num,UNK,UNK,O,S,x
SPACE,UNK,UNK,O,S,x
num,UNK,UNK,O,B,m
num,UNK,UNK,O,M,m
.,UNK,UNK,O,E,m
SPACE,UNK,UNK,O,S,x
num,UNK,UNK,O,B,m
num,UNK,UNK,O,E,m
SPACE,UNK,UNK,O,S,x
±,UNK,UNK,O,S,x
SPACE,UNK,UNK,O,S,x
num,UNK,UNK,O,B,m
.,UNK,UNK,O,E,m
SPACE,UNK,UNK,O,S,x
num,UNK,UNK,O,B,m
num,UNK,UNK,O,E,m
a,UNK,UNK,O,B,eng
b,UNK,UNK,O,E,eng
SPACE,UNK,UNK,O,S,x
num,UNK,UNK,O,B,m
num,UNK,UNK,O,M,m
.,UNK,UNK,O,E,m
SPACE,UNK,UNK,O,S,x
num,UNK,UNK,O,B,m
num,UNK,UNK,O,E,m
SPACE,UNK,UNK,O,S,x
±,UNK,UNK,O,S,x
SPACE,UNK,UNK,O,S,x
num,UNK,UNK,O,B,m
.,UNK,UNK,O,E,m
SPACE,UNK,UNK,O,S,x
num,UNK,UNK,O,B,m
num,UNK,UNK,O,E,m
a,UNK,UNK,O,B,eng
b,UNK,UNK,O,E,eng
SPACE,UNK,UNK,O,S,x
-,UNK,UNK,O,S,x
num,UNK,UNK,O,B,m
.,UNK,UNK,O,E,m
SPACE,UNK,UNK,O,S,x
num,UNK,UNK,O,B,m
num,UNK,UNK,O,E,m
SPACE,UNK,UNK,O,S,x
±,UNK,UNK,O,S,x
SPACE,UNK,UNK,O,S,x
num,UNK,UNK,O,B,m
.,UNK,UNK,O,E,m
SPACE,UNK,UNK,O,S,x
num,UNK,UNK,O,B,m
num,UNK,UNK,O,E,m
a,UNK,UNK,O,B,eng
b,UNK,UNK,O,E,eng
sep,sep,sep,sep,sep,sep
LB,UNK,UNK,O,S,x
注,氵,zhù,O,S,v
:,UNK,UNK,O,S,x
F,UNK,UNK,B-Test,B,eng
P,UNK,UNK,I-Test,M,eng
G,UNK,UNK,I-Test,E,eng
:,UNK,UNK,O,S,x
空,穴,kōng,B-Test,B,n
腹,月,fù,I-Test,E,n
血,血,xiě,I-Test,B,n
糖,米,táng,I-Test,E,n
SPACE,UNK,UNK,O,S,x
F,UNK,UNK,O,B,eng
a,UNK,UNK,O,M,eng
s,UNK,UNK,O,M,eng
t,UNK,UNK,O,M,eng
i,UNK,UNK,O,M,eng
n,UNK,UNK,O,M,eng
g,UNK,UNK,O,E,eng
SPACE,UNK,UNK,O,S,x
p,UNK,UNK,O,B,eng
l,UNK,UNK,O,M,eng
a,UNK,UNK,O,M,eng
s,UNK,UNK,O,M,eng
m,UNK,UNK,O,M,eng
a,UNK,UNK,O,E,eng
SPACE,UNK,UNK,O,S,x
g,UNK,UNK,O,B,eng
l,UNK,UNK,O,M,eng
u,UNK,UNK,O,M,eng
c,UNK,UNK,O,M,eng
o,UNK,UNK,O,M,eng
s,UNK,UNK,O,M,eng
e,UNK,UNK,O,E,eng
;,UNK,UNK,O,S,x
sep,sep,sep,sep,sep,sep
F,UNK,UNK,B-Test,B,eng
I,UNK,UNK,I-Test,M,eng
N,UNK,UNK,I-Test,M,eng
S,UNK,UNK,I-Test,E,eng
:,UNK,UNK,O,S,x
空,穴,kōng,B-Test,B,n
腹,月,fù,I-Test,E,n
胰,月,yí,I-Test,B,n
岛,山,dǎo,I-Test,M,n
素,糸,sù,I-Test,E,n
SPACE,UNK,UNK,O,S,x
F,UNK,UNK,O,B,eng
a,UNK,UNK,O,M,eng
s,UNK,UNK,O,M,eng
t,UNK,UNK,O,M,eng
i,UNK,UNK,O,M,eng
n,UNK,UNK,O,M,eng
g,UNK,UNK,O,E,eng
LB,UNK,UNK,O,S,x
p,UNK,UNK,O,B,eng
l,UNK,UNK,O,M,eng
a,UNK,UNK,O,M,eng
s,UNK,UNK,O,M,eng
m,UNK,UNK,O,M,eng
a,UNK,UNK,O,E,eng
SPACE,UNK,UNK,O,S,x
i,UNK,UNK,O,B,eng
n,UNK,UNK,O,M,eng
s,UNK,UNK,O,M,eng
u,UNK,UNK,O,M,eng
l,UNK,UNK,O,M,eng
i,UNK,UNK,O,M,eng
n,UNK,UNK,O,E,eng
;,UNK,UNK,O,S,x
sep,sep,sep,sep,sep,sep
I,UNK,UNK,O,B,eng
S,UNK,UNK,O,M,eng
I,UNK,UNK,O,E,eng
:,UNK,UNK,O,S,x
胰,月,yí,O,B,n
岛,山,dǎo,O,M,n
素,糸,sù,O,E,n
敏,攵,mǐn,O,B,a
感,心,gǎn,O,E,a
指,扌,zhǐ,O,B,n
数,攵,shù,O,E,n
SPACE,UNK,UNK,O,S,x
I,UNK,UNK,O,B,eng
n,UNK,UNK,O,M,eng
s,UNK,UNK,O,M,eng
u,UNK,UNK,O,M,eng
l,UNK,UNK,O,M,eng
i,UNK,UNK,O,M,eng
n,UNK,UNK,O,E,eng
SPACE,UNK,UNK,O,S,x
s,UNK,UNK,O,B,eng
e,UNK,UNK,O,M,eng
n,UNK,UNK,O,M,eng
s,UNK,UNK,O,M,eng
i,UNK,UNK,O,M,eng
t,UNK,UNK,O,M,eng
i,UNK,UNK,O,M,eng
v,UNK,UNK,O,M,eng
i,UNK,UNK,O,M,eng
t,UNK,UNK,O,M,eng
y,UNK,UNK,O,E,eng
SPACE,UNK,UNK,O,S,x
i,UNK,UNK,O,B,eng
n,UNK,UNK,O,M,eng
d,UNK,UNK,O,M,eng
e,UNK,UNK,O,M,eng
x,UNK,UNK,O,E,eng
;,UNK,UNK,O,S,x
sep,sep,sep,sep,sep,sep
其,八,qí,O,B,r
他,亻,tā,O,E,r
略,田,lüè,O,B,v
语,讠,yǔ,O,E,v
同,口,tóng,O,S,p
LB,UNK,UNK,O,S,x
图,囗,tú,O,S,n
SPACE,UNK,UNK,O,S,x
num,UNK,UNK,O,S,x
SPACE,UNK,UNK,O,S,x
T,UNK,UNK,O,B,eng
h,UNK,UNK,O,M,eng
e,UNK,UNK,O,E,eng
SPACE,UNK,UNK,O,S,x
o,UNK,UNK,O,B,eng
t,UNK,UNK,O,M,eng
h,UNK,UNK,O,M,eng
e,UNK,UNK,O,M,eng
r,UNK,UNK,O,E,eng
SPACE,UNK,UNK,O,S,x
a,UNK,UNK,O,B,eng
b,UNK,UNK,O,M,eng
b,UNK,UNK,O,M,eng
r,UNK,UNK,O,M,eng
e,UNK,UNK,O,M,eng
v,UNK,UNK,O,M,eng
i,UNK,UNK,O,M,eng
a,UNK,UNK,O,M,eng
t,UNK,UNK,O,M,eng
i,UNK,UNK,O,M,eng
o,UNK,UNK,O,M,eng
n,UNK,UNK,O,M,eng
s,UNK,UNK,O,E,eng
SPACE,UNK,UNK,O,S,x
a,UNK,UNK,O,B,eng
r,UNK,UNK,O,M,eng
e,UNK,UNK,O,E,eng
SPACE,UNK,UNK,O,S,x
t,UNK,UNK,O,B,eng
h,UNK,UNK,O,M,eng
e,UNK,UNK,O,E,eng
SPACE,UNK,UNK,O,S,x
s,UNK,UNK,O,B,eng
a,UNK,UNK,O,M,eng
m,UNK,UNK,O,M,eng
e,UNK,UNK,O,E,eng
SPACE,UNK,UNK,O,S,x
a,UNK,UNK,O,B,eng
s,UNK,UNK,O,E,eng
sep,sep,sep,sep,sep,sep
SPACE,UNK,UNK,O,S,x
F,UNK,UNK,O,B,eng
i,UNK,UNK,O,M,eng
g,UNK,UNK,O,E,eng
SPACE,UNK,UNK,O,S,x
num,UNK,UNK,O,S,x
;,UNK,UNK,O,S,x
与,一,yǔ,O,S,p
SPACE,UNK,UNK,O,S,x
N,UNK,UNK,O,B,eng
C,UNK,UNK,O,E,eng
SPACE,UNK,UNK,O,S,x
组,纟,zǔ,O,S,zg
比,比,bǐ,O,B,d
较,车,jiào,O,E,d
SPACE,UNK,UNK,O,S,x
v,UNK,UNK,O,B,eng
s,UNK,UNK,O,E,eng
SPACE,UNK,UNK,O,S,x
N,UNK,UNK,O,B,eng
C,UNK,UNK,O,E,eng
LB,UNK,UNK,O,S,x
g,UNK,UNK,O,B,eng
r,UNK,UNK,O,M,eng
o,UNK,UNK,O,M,eng
u,UNK,UNK,O,M,eng
p,UNK,UNK,O,E,eng
",",UNK,UNK,O,S,x
a,UNK,UNK,O,B,eng
P,UNK,UNK,O,E,eng
<,UNK,UNK,O,S,x
num,UNK,UNK,O,B,m
.,UNK,UNK,O,E,m
SPACE,UNK,UNK,O,S,x
num,UNK,UNK,O,B,m
num,UNK,UNK,O,E,m
;,UNK,UNK,O,S,x
sep,sep,sep,sep,sep,sep
与,一,yǔ,O,S,p
SPACE,UNK,UNK,O,S,x
D,UNK,UNK,O,B,eng
M,UNK,UNK,O,E,eng
SPACE,UNK,UNK,O,S,x
组,纟,zǔ,O,S,zg
比,比,bǐ,O,B,d
较,车,jiào,O,E,d
SPACE,UNK,UNK,O,S,x
v,UNK,UNK,O,B,eng
s,UNK,UNK,O,E,eng
SPACE,UNK,UNK,O,S,x
D,UNK,UNK,O,B,eng
M,UNK,UNK,O,E,eng
SPACE,UNK,UNK,O,S,x
g,UNK,UNK,O,B,eng
r,UNK,UNK,O,M,eng
o,UNK,UNK,O,M,eng
u,UNK,UNK,O,M,eng
p,UNK,UNK,O,E,eng
",",UNK,UNK,O,S,x
b,UNK,UNK,O,B,eng
P,UNK,UNK,O,E,eng
<,UNK,UNK,O,S,x
num,UNK,UNK,O,B,m
.,UNK,UNK,O,E,m
SPACE,UNK,UNK,O,S,x
num,UNK,UNK,O,B,m
num,UNK,UNK,O,E,m
LB,UNK,UNK,O,S,x
A,UNK,UNK,B-Drug,B,eng
C,UNK,UNK,I-Drug,M,eng
E,UNK,UNK,I-Drug,E,eng
SPACE,UNK,UNK,I-Drug,S,x
s,UNK,UNK,I-Drug,B,eng
h,UNK,UNK,I-Drug,M,eng
R,UNK,UNK,I-Drug,M,eng
N,UNK,UNK,I-Drug,M,eng
A,UNK,UNK,I-Drug,E,eng
SPACE,UNK,UNK,O,S,x
组,纟,zǔ,O,B,v
与,一,yǔ,O,E,v
SPACE,UNK,UNK,O,S,x
A,UNK,UNK,B-Drug,B,eng
C,UNK,UNK,I-Drug,M,eng
E,UNK,UNK,I-Drug,M,eng
I,UNK,UNK,I-Drug,E,eng
SPACE,UNK,UNK,O,S,x
组,纟,zǔ,O,B,v
较,车,jiào,O,E,v
SPACE,UNK,UNK,O,S,x
D,UNK,UNK,B-Disease,B,eng
M,UNK,UNK,I-Disease,E,eng
SPACE,UNK,UNK,O,S,x
组,纟,zǔ,O,S,zg
SPACE,UNK,UNK,O,S,x
G,UNK,UNK,B-Test,B,eng
L,UNK,UNK,I-Test,M,eng
U,UNK,UNK,I-Test,M,eng
T,UNK,UNK,I-Test,M,eng
num,UNK,UNK,I-Test,E,eng
SPACE,UNK,UNK,I-Test,S,x
表,衣,biǎo,I-Test,B,v
达,辶,dá,I-Test,E,v
LB,UNK,UNK,O,S,x
明,日,míng,B-Test_Value,B,a
显,日,xiǎn,I-Test_Value,E,a
升,十,shēng,I-Test_Value,B,v
高,高,gāo,I-Test_Value,E,v
(,UNK,UNK,O,S,x
均,土,jūn,O,S,d
SPACE,UNK,UNK,O,S,x
P,UNK,UNK,O,S,x
<,UNK,UNK,O,S,x
num,UNK,UNK,O,B,m
.,UNK,UNK,O,E,m
SPACE,UNK,UNK,O,S,x
num,UNK,UNK,O,B,m
num,UNK,UNK,O,E,m
),UNK,UNK,O,S,x
",",UNK,UNK,O,S,x
sep,sep,sep,sep,sep,sep
表,衣,biǎo,O,B,v
明,日,míng,O,E,v
外,夕,wài,B-Anatomy,B,f
周,口,zhōu,I-Anatomy,E,f
组,纟,zǔ,I-Anatomy,B,v
织,纟,zhī,I-Anatomy,E,v
的,白,dí,O,S,uj
胰,月,yí,O,B,n
岛,山,dǎo,O,M,n
素,糸,sù,O,E,n
抵,扌,dǐ,O,B,vn
抗,扌,kàng,O,E,vn
LB,UNK,UNK,O,S,x
也,乙,yě,O,S,d
得,彳,dé,O,B,v
到,刂,dào,O,E,v
了,乙,liǎo,O,S,ul
改,攵,gǎi,O,B,v
善,口,shàn,O,E,v
(,UNK,UNK,O,S,x
sep,sep,sep,sep,sep,sep
图,囗,tú,O,S,n
SPACE,UNK,UNK,O,S,x
num,UNK,UNK,O,S,x
),UNK,UNK,O,S,x
。,UNK,UNK,O,S,x
LB,UNK,UNK,O,S,x
六,八,liù,O,S,m
sep,sep,sep,sep,sep,sep
、,UNK,UNK,O,S,x
对,寸,duì,O,S,p
胰,月,yí,O,B,n
腺,月,xiàn,O,E,n
氧,气,yǎng,O,B,n
化,亻,huà,O,M,n
应,广,yīng,O,M,n
激,氵,jī,O,E,n
的,白,dí,O,S,uj
影,彡,yǐng,O,B,vn
响,口,xiǎng,O,E,vn
sep,sep,sep,sep,sep,sep
LB,UNK,UNK,O,S,x
注,氵,zhù,O,S,v
:,UNK,UNK,O,S,x
余,人,yú,O,S,m
略,田,lüè,O,B,v
语,讠,yǔ,O,E,v
同,口,tóng,O,S,p
sep,sep,sep,sep,sep,sep
图,囗,tú,O,S,n
SPACE,UNK,UNK,O,S,x
num,UNK,UNK,O,S,x
SPACE,UNK,UNK,O,S,x
T,UNK,UNK,O,B,eng
h,UNK,UNK,O,M,eng
e,UNK,UNK,O,E,eng
SPACE,UNK,UNK,O,S,x
a,UNK,UNK,O,B,eng
b,UNK,UNK,O,M,eng
b,UNK,UNK,O,M,eng
r,UNK,UNK,O,M,eng
e,UNK,UNK,O,M,eng
v,UNK,UNK,O,M,eng
i,UNK,UNK,O,M,eng
a,UNK,UNK,O,M,eng
t,UNK,UNK,O,M,eng
i,UNK,UNK,O,M,eng
o,UNK,UNK,O,M,eng
n,UNK,UNK,O,M,eng
s,UNK,UNK,O,E,eng
SPACE,UNK,UNK,O,S,x
a,UNK,UNK,O,B,eng
r,UNK,UNK,O,M,eng
e,UNK,UNK,O,E,eng
SPACE,UNK,UNK,O,S,x
t,UNK,UNK,O,B,eng
h,UNK,UNK,O,M,eng
e,UNK,UNK,O,E,eng
SPACE,UNK,UNK,O,S,x
s,UNK,UNK,O,B,eng
a,UNK,UNK,O,M,eng
m,UNK,UNK,O,M,eng
e,UNK,UNK,O,E,eng
SPACE,UNK,UNK,O,S,x
a,UNK,UNK,O,B,eng
s,UNK,UNK,O,E,eng
sep,sep,sep,sep,sep,sep
SPACE,UNK,UNK,O,S,x
F,UNK,UNK,O,B,eng
i,UNK,UNK,O,M,eng
g,UNK,UNK,O,E,eng
SPACE,UNK,UNK,O,S,x
num,UNK,UNK,O,S,x
;,UNK,UNK,O,S,x
与,一,yǔ,O,S,p
SPACE,UNK,UNK,O,S,x
N,UNK,UNK,O,B,eng
C,UNK,UNK,O,E,eng
SPACE,UNK,UNK,O,S,x
组,纟,zǔ,O,B,v
比,比,bǐ,O,E,v
LB,UNK,UNK,O,S,x
较,车,jiào,O,S,zg
SPACE,UNK,UNK,O,S,x
v,UNK,UNK,O,B,eng
s,UNK,UNK,O,E,eng
SPACE,UNK,UNK,O,S,x
N,UNK,UNK,O,B,eng
C,UNK,UNK,O,E,eng
SPACE,UNK,UNK,O,S,x
g,UNK,UNK,O,B,eng
r,UNK,UNK,O,M,eng
o,UNK,UNK,O,M,eng
u,UNK,UNK,O,M,eng
p,UNK,UNK,O,E,eng
",",UNK,UNK,O,S,x
a,UNK,UNK,O,B,eng
P,UNK,UNK,O,E,eng
<,UNK,UNK,O,S,x
num,UNK,UNK,O,B,m
.,UNK,UNK,O,E,m
SPACE,UNK,UNK,O,S,x
num,UNK,UNK,O,B,m
num,UNK,UNK,O,E,m
;,UNK,UNK,O,S,x
sep,sep,sep,sep,sep,sep
与,一,yǔ,O,S,p
SPACE,UNK,UNK,O,S,x
D,UNK,UNK,O,B,eng
M,UNK,UNK,O,E,eng
SPACE,UNK,UNK,O,S,x
组,纟,zǔ,O,S,zg
比,比,bǐ,O,B,d
较,车,jiào,O,E,d
SPACE,UNK,UNK,O,S,x
v,UNK,UNK,O,B,eng
s,UNK,UNK,O,E,eng
SPACE,UNK,UNK,O,S,x
D,UNK,UNK,O,B,eng
M,UNK,UNK,O,E,eng
SPACE,UNK,UNK,O,S,x
g,UNK,UNK,O,B,eng
r,UNK,UNK,O,M,eng
o,UNK,UNK,O,M,eng
u,UNK,UNK,O,M,eng
p,UNK,UNK,O,E,eng
",",UNK,UNK,O,S,x
b,UNK,UNK,O,B,eng
P,UNK,UNK,O,E,eng
<,UNK,UNK,O,S,x
num,UNK,UNK,O,B,m
.,UNK,UNK,O,E,m
SPACE,UNK,UNK,O,S,x
num,UNK,UNK,O,B,m
num,UNK,UNK,O,E,m
sep,sep,sep,sep,sep,sep
LB,UNK,UNK,O,S,x
图,囗,tú,O,S,n
SPACE,UNK,UNK,O,S,x
num,UNK,UNK,O,S,x
SPACE,UNK,UNK,O,S,x
SPACE,UNK,UNK,O,S,x
附,阝,fù,O,B,n
睾,目,gāo,O,E,n
脂,月,zhī,B-Anatomy,B,n
肪,月,fáng,I-Anatomy,M,n
组,纟,zǔ,I-Anatomy,M,n
织,纟,zhī,I-Anatomy,E,n
SPACE,UNK,UNK,O,S,x
G,UNK,UNK,B-Test,B,eng
L,UNK,UNK,I-Test,M,eng
U,UNK,UNK,I-Test,M,eng
T,UNK,UNK,I-Test,M,eng
num,UNK,UNK,I-Test,E,eng
SPACE,UNK,UNK,I-Test,S,x
蛋,虫,dàn,I-Test,B,n
白,白,bái,I-Test,E,n
表,衣,biǎo,I-Test,B,v
达,辶,dá,I-Test,E,v
sep,sep,sep,sep,sep,sep
LB,UNK,UNK,O,S,x
F,UNK,UNK,O,B,eng
i,UNK,UNK,O,M,eng
g,UNK,UNK,O,E,eng
SPACE,UNK,UNK,O,S,x
num,UNK,UNK,O,S,x
SPACE,UNK,UNK,O,S,x
SPACE,UNK,UNK,O,S,x
E,UNK,UNK,O,B,eng
x,UNK,UNK,O,M,eng
p,UNK,UNK,O,M,eng
r,UNK,UNK,O,M,eng
e,UNK,UNK,O,M,eng
s,UNK,UNK,O,M,eng
s,UNK,UNK,O,M,eng
i,UNK,UNK,O,M,eng
o,UNK,UNK,O,M,eng
n,UNK,UNK,O,E,eng
SPACE,UNK,UNK,O,S,x
o,UNK,UNK,O,B,eng
f,UNK,UNK,O,E,eng
SPACE,UNK,UNK,O,S,x
G,UNK,UNK,O,B,eng
L,UNK,UNK,O,M,eng
U,UNK,UNK,O,M,eng
T,UNK,UNK,O,M,eng
num,UNK,UNK,O,E,eng
SPACE,UNK,UNK,O,S,x
p,UNK,UNK,O,B,eng
r,UNK,UNK,O,M,eng
o,UNK,UNK,O,M,eng
t,UNK,UNK,O,M,eng
e,UNK,UNK,O,M,eng
i,UNK,UNK,O,M,eng
n,UNK,UNK,O,E,eng
SPACE,UNK,UNK,O,S,x
i,UNK,UNK,O,B,eng
n,UNK,UNK,O,E,eng
SPACE,UNK,UNK,O,S,x
e,UNK,UNK,O,B,eng
p,UNK,UNK,O,M,eng
i,UNK,UNK,O,M,eng
d,UNK,UNK,O,M,eng
i,UNK,UNK,O,M,eng
d,UNK,UNK,O,M,eng
y,UNK,UNK,O,M,eng
m,UNK,UNK,O,M,eng
a,UNK,UNK,O,M,eng
l,UNK,UNK,O,E,eng
SPACE,UNK,UNK,O,S,x
a,UNK,UNK,O,B,eng
d,UNK,UNK,O,M,eng
i,UNK,UNK,O,M,eng
p,UNK,UNK,O,M,eng
o,UNK,UNK,O,M,eng
s,UNK,UNK,O,M,eng
e,UNK,UNK,O,E,eng
SPACE,UNK,UNK,O,S,x
t,UNK,UNK,O,B,eng
i,UNK,UNK,O,M,eng
s,UNK,UNK,O,M,eng
s,UNK,UNK,O,M,eng
u,UNK,UNK,O,M,eng
e,UNK,UNK,O,E,eng
sep,sep,sep,sep,sep,sep
LB,UNK,UNK,O,S,x
注,氵,zhù,O,S,v
:,UNK,UNK,O,S,x
略,田,lüè,O,B,v
语,讠,yǔ,O,E,v
同,口,tóng,O,S,p
sep,sep,sep,sep,sep,sep
图,囗,tú,O,S,n
SPACE,UNK,UNK,O,S,x
num,UNK,UNK,O,S,x
SPACE,UNK,UNK,O,S,x
T,UNK,UNK,O,B,eng
h,UNK,UNK,O,M,eng
e,UNK,UNK,O,E,eng
SPACE,UNK,UNK,O,S,x
a,UNK,UNK,O,B,eng
b,UNK,UNK,O,M,eng
b,UNK,UNK,O,M,eng
r,UNK,UNK,O,M,eng
e,UNK,UNK,O,M,eng
v,UNK,UNK,O,M,eng
i,UNK,UNK,O,M,eng
a,UNK,UNK,O,M,eng
t,UNK,UNK,O,M,eng
i,UNK,UNK,O,M,eng
o,UNK,UNK,O,M,eng
n,UNK,UNK,O,M,eng
s,UNK,UNK,O,E,eng
SPACE,UNK,UNK,O,S,x
a,UNK,UNK,O,B,eng
r,UNK,UNK,O,M,eng
e,UNK,UNK,O,E,eng
SPACE,UNK,UNK,O,S,x
t,UNK,UNK,O,B,eng
h,UNK,UNK,O,M,eng
e,UNK,UNK,O,E,eng
SPACE,UNK,UNK,O,S,x
s,UNK,UNK,O,B,eng
a,UNK,UNK,O,M,eng
m,UNK,UNK,O,M,eng
e,UNK,UNK,O,E,eng
SPACE,UNK,UNK,O,S,x
a,UNK,UNK,O,B,eng
s,UNK,UNK,O,E,eng
sep,sep,sep,sep,sep,sep
SPACE,UNK,UNK,O,S,x
F,UNK,UNK,O,B,eng
i,UNK,UNK,O,M,eng
g,UNK,UNK,O,E,eng
SPACE,UNK,UNK,O,S,x
num,UNK,UNK,O,S,x
;,UNK,UNK,O,S,x
与,一,yǔ,O,S,p
SPACE,UNK,UNK,O,S,x
N,UNK,UNK,O,B,eng
C,UNK,UNK,O,E,eng
SPACE,UNK,UNK,O,S,x
组,纟,zǔ,O,S,zg
比,比,bǐ,O,B,d
较,车,jiào,O,E,d
SPACE,UNK,UNK,O,S,x
v,UNK,UNK,O,B,eng
s,UNK,UNK,O,E,eng
LB,UNK,UNK,O,S,x
N,UNK,UNK,O,B,eng
C,UNK,UNK,O,E,eng
SPACE,UNK,UNK,O,S,x
g,UNK,UNK,O,B,eng
r,UNK,UNK,O,M,eng
o,UNK,UNK,O,M,eng
u,UNK,UNK,O,M,eng
p,UNK,UNK,O,E,eng
",",UNK,UNK,O,S,x
a,UNK,UNK,O,B,eng
P,UNK,UNK,O,E,eng
<,UNK,UNK,O,S,x
num,UNK,UNK,O,B,m
.,UNK,UNK,O,E,m
SPACE,UNK,UNK,O,S,x
num,UNK,UNK,O,B,m
num,UNK,UNK,O,E,m
;,UNK,UNK,O,S,x
sep,sep,sep,sep,sep,sep
与,一,yǔ,O,S,p
SPACE,UNK,UNK,O,S,x
D,UNK,UNK,O,B,eng
M,UNK,UNK,O,E,eng
SPACE,UNK,UNK,O,S,x
组,纟,zǔ,O,S,zg
比,比,bǐ,O,B,d
较,车,jiào,O,E,d
SPACE,UNK,UNK,O,S,x
v,UNK,UNK,O,B,eng
s,UNK,UNK,O,E,eng
SPACE,UNK,UNK,O,S,x
D,UNK,UNK,O,B,eng
M,UNK,UNK,O,E,eng
SPACE,UNK,UNK,O,S,x
g,UNK,UNK,O,B,eng
r,UNK,UNK,O,M,eng
o,UNK,UNK,O,M,eng
u,UNK,UNK,O,M,eng
p,UNK,UNK,O,E,eng
",",UNK,UNK,O,S,x
b,UNK,UNK,O,B,eng
P,UNK,UNK,O,E,eng
<,UNK,UNK,O,S,x
num,UNK,UNK,O,B,m
.,UNK,UNK,O,E,m
SPACE,UNK,UNK,O,S,x
num,UNK,UNK,O,B,m
num,UNK,UNK,O,E,m
sep,sep,sep,sep,sep,sep
LB,UNK,UNK,O,S,x
图,囗,tú,O,S,n
SPACE,UNK,UNK,O,S,x
num,UNK,UNK,O,S,x
SPACE,UNK,UNK,O,S,x
SPACE,UNK,UNK,O,S,x
胰,月,yí,O,B,n
腺,月,xiàn,O,E,n
组,纟,zǔ,O,B,v
织,纟,zhī,O,E,v
SPACE,UNK,UNK,O,S,x
N,UNK,UNK,O,B,eng
A,UNK,UNK,O,M,eng
D,UNK,UNK,O,M,eng
P,UNK,UNK,O,M,eng
H,UNK,UNK,O,E,eng
(,UNK,UNK,O,S,x
p,UNK,UNK,O,B,eng
num,UNK,UNK,O,M,eng
num,UNK,UNK,O,M,eng
p,UNK,UNK,O,M,eng
h,UNK,UNK,O,M,eng
o,UNK,UNK,O,M,eng
x,UNK,UNK,O,E,eng
),UNK,UNK,O,S,x
蛋,虫,dàn,O,B,n
白,白,bái,O,E,n
表,衣,biǎo,O,B,v
达,辶,dá,O,E,v
sep,sep,sep,sep,sep,sep
LB,UNK,UNK,O,S,x
F,UNK,UNK,O,B,eng
i,UNK,UNK,O,M,eng
g,UNK,UNK,O,E,eng
SPACE,UNK,UNK,O,S,x
num,UNK,UNK,O,S,x
SPACE,UNK,UNK,O,S,x
SPACE,UNK,UNK,O,S,x
E,UNK,UNK,O,B,eng
x,UNK,UNK,O,M,eng
p,UNK,UNK,O,M,eng
r,UNK,UNK,O,M,eng
e,UNK,UNK,O,M,eng
s,UNK,UNK,O,M,eng
s,UNK,UNK,O,M,eng
i,UNK,UNK,O,M,eng
o,UNK,UNK,O,M,eng
n,UNK,UNK,O,E,eng
SPACE,UNK,UNK,O,S,x
o,UNK,UNK,O,B,eng
f,UNK,UNK,O,E,eng
SPACE,UNK,UNK,O,S,x
N,UNK,UNK,O,B,eng
A,UNK,UNK,O,M,eng
D,UNK,UNK,O,M,eng
P,UNK,UNK,O,M,eng
H,UNK,UNK,O,E,eng
(,UNK,UNK,O,S,x
p,UNK,UNK,O,B,eng
num,UNK,UNK,O,M,eng
num,UNK,UNK,O,M,eng
p,UNK,UNK,O,M,eng
h,UNK,UNK,O,M,eng
o,UNK,UNK,O,M,eng
x,UNK,UNK,O,E,eng
),UNK,UNK,O,S,x
SPACE,UNK,UNK,O,S,x
p,UNK,UNK,O,B,eng
r,UNK,UNK,O,M,eng
o,UNK,UNK,O,M,eng
t,UNK,UNK,O,M,eng
e,UNK,UNK,O,M,eng
i,UNK,UNK,O,M,eng
n,UNK,UNK,O,E,eng
SPACE,UNK,UNK,O,S,x
i,UNK,UNK,O,B,eng
n,UNK,UNK,O,E,eng
SPACE,UNK,UNK,O,S,x
p,UNK,UNK,O,B,eng
a,UNK,UNK,O,M,eng
n,UNK,UNK,O,M,eng
c,UNK,UNK,O,M,eng
r,UNK,UNK,O,M,eng
e,UNK,UNK,O,M,eng
a,UNK,UNK,O,M,eng
s,UNK,UNK,O,E,eng
LB,UNK,UNK,O,S,x
D,UNK,UNK,O,B,eng
M,UNK,UNK,O,E,eng
SPACE,UNK,UNK,O,S,x
组,纟,zǔ,O,S,zg
SPACE,UNK,UNK,O,S,x
N,UNK,UNK,O,B,eng
A,UNK,UNK,O,M,eng
D,UNK,UNK,O,E,eng
(,UNK,UNK,O,S,x
P,UNK,UNK,O,S,x
),UNK,UNK,O,S,x
H,UNK,UNK,O,S,x
SPACE,UNK,UNK,O,S,x
p,UNK,UNK,O,B,eng
num,UNK,UNK,O,M,eng
num,UNK,UNK,O,M,eng
p,UNK,UNK,O,M,eng
h,UNK,UNK,O,M,eng
o,UNK,UNK,O,M,eng
x,UNK,UNK,O,E,eng
表,衣,biǎo,O,B,v
达,辶,dá,O,E,v
较,车,jiào,O,S,zg
SPACE,UNK,UNK,O,S,x
N,UNK,UNK,O,B,eng
C,UNK,UNK,O,E,eng
SPACE,UNK,UNK,O,S,x
组,纟,zǔ,O,S,zg
明,日,míng,O,B,a
显,日,xiǎn,O,E,a
增,土,zēng,O,B,v
高,高,gāo,O,E,v
",",UNK,UNK,O,S,x
sep,sep,sep,sep,sep,sep
LB,UNK,UNK,O,S,x
表,衣,biǎo,O,B,v
明,日,míng,O,E,v
糖,米,táng,B-Disease,B,n
尿,尸,niào,I-Disease,M,n
病,疒,bìng,I-Disease,E,n
鼠,鼠,shǔ,O,S,n
胰,月,yí,B-Anatomy,B,n
腺,月,xiàn,I-Anatomy,E,n
氧,气,yǎng,B-Reason,B,n
化,亻,huà,I-Reason,M,n
应,广,yīng,I-Reason,M,n
激,氵,jī,I-Reason,E,n
反,又,fǎn,O,B,vn
应,广,yīng,O,E,vn
增,土,zēng,O,B,v
强,弓,qiáng,O,E,v
;,UNK,UNK,O,S,x
sep,sep,sep,sep,sep,sep
A,UNK,UNK,B-Drug,B,eng
C,UNK,UNK,I-Drug,M,eng
E,UNK,UNK,I-Drug,E,eng
SPACE,UNK,UNK,I-Drug,S,x
s,UNK,UNK,I-Drug,B,eng
h,UNK,UNK,I-Drug,M,eng
R,UNK,UNK,I-Drug,M,eng
N,UNK,UNK,I-Drug,M,eng
A,UNK,UNK,I-Drug,E,eng
SPACE,UNK,UNK,O,S,x
与,一,yǔ,O,S,p
LB,UNK,UNK,O,S,x
A,UNK,UNK,B-Drug,B,eng
C,UNK,UNK,I-Drug,M,eng
E,UNK,UNK,I-Drug,M,eng
I,UNK,UNK,I-Drug,E,eng
SPACE,UNK,UNK,O,S,x
组,纟,zǔ,O,B,v
较,车,jiào,O,E,v
SPACE,UNK,UNK,O,S,x
D,UNK,UNK,B-Disease,B,eng
M,UNK,UNK,I-Disease,E,eng
SPACE,UNK,UNK,O,S,x
组,纟,zǔ,O,S,zg
SPACE,UNK,UNK,O,S,x
p,UNK,UNK,B-Test,B,eng
num,UNK,UNK,I-Test,M,eng
num,UNK,UNK,I-Test,M,eng
p,UNK,UNK,I-Test,M,eng
h,UNK,UNK,I-Test,M,eng
o,UNK,UNK,I-Test,M,eng
x,UNK,UNK,I-Test,E,eng
表,衣,biǎo,O,B,v
达,辶,dá,O,E,v
显,日,xiǎn,B-Test_Value,B,a
著,艹,zhù,I-Test_Value,E,a
降,阝,jiàng,I-Test_Value,B,v
低,亻,dī,I-Test_Value,E,v
",",UNK,UNK,O,S,x
sep,sep,sep,sep,sep,sep
表,衣,biǎo,O,B,v
明,日,míng,O,E,v
经,纟,jīng,O,B,p
过,辶,guò,O,E,p
治,氵,zhì,O,B,v
疗,疒,liáo,O,E,v
LB,UNK,UNK,O,S,x
后,口,hòu,O,S,f
",",UNK,UNK,O,S,x
sep,sep,sep,sep,sep,sep
胰,月,yí,B-Anatomy,B,n
腺,月,xiàn,I-Anatomy,E,n
氧,气,yǎng,O,B,n
化,亻,huà,O,M,n
应,广,yīng,O,M,n
激,氵,jī,O,E,n
反,又,fǎn,O,B,vn
应,广,yīng,O,E,vn
减,冫,jiǎn,B-Test_Value,B,v
弱,弓,ruò,I-Test_Value,E,v
(,UNK,UNK,O,S,x
sep,sep,sep,sep,sep,sep
图,囗,tú,O,S,n
SPACE,UNK,UNK,O,S,x
num,UNK,UNK,O,S,x
),UNK,UNK,O,S,x
。,UNK,UNK,O,S,x
LB,UNK,UNK,O,S,x
讨,讠,tǎo,O,S,v
SPACE,UNK,UNK,O,S,x
SPACE,UNK,UNK,O,S,x
SPACE,UNK,UNK,O,S,x
SPACE,UNK,UNK,O,S,x
论,讠,lùn,O,S,zg
LB,UNK,UNK,O,S,x
R,UNK,UNK,O,B,eng
N,UNK,UNK,O,M,eng
A,UNK,UNK,O,M,eng
i,UNK,UNK,O,E,eng
SPACE,UNK,UNK,O,S,x
是,日,shì,O,S,v
由,田,yóu,O,S,p
与,一,yǔ,O,S,p
靶,革,bǎ,O,S,n
基,土,jī,O,B,n
因,囗,yīn,O,E,n
SPACE,UNK,UNK,O,S,x
m,UNK,UNK,O,B,eng
R,UNK,UNK,O,M,eng
N,UNK,UNK,O,M,eng
A,UNK,UNK,O,E,eng
SPACE,UNK,UNK,O,S,x
序,广,xù,O,B,n
列,刂,liè,O,E,n
同,口,tóng,O,B,n
源,氵,yuán,O,E,n
的,白,dí,O,S,uj
双,又,shuāng,O,B,n
链,钅,liàn,O,E,n
SPACE,UNK,UNK,O,S,x
R,UNK,UNK,O,B,eng
N,UNK,UNK,O,M,eng
A,UNK,UNK,O,E,eng
LB,UNK,UNK,O,S,x
所,户,suǒ,O,S,c
诱,讠,yòu,O,B,vn
导,寸,dǎo,O,E,vn
的,白,dí,O,S,uj
转,车,zhuǎn,O,B,v
录,彐,lù,O,E,v
后,口,hòu,O,S,f
基,土,jī,O,B,n
因,囗,yīn,O,E,n
沉,氵,chén,O,B,a
默,黑,mò,O,E,a
现,见,xiàn,O,B,n
象,豕,xiàng,O,E,n
",",UNK,UNK,O,S,x
sep,sep,sep,sep,sep,sep
在,土,zài,O,S,p
前,刂,qián,O,B,f
期,月,qī,O,E,f
实,宀,shí,O,B,vn
验,马,yàn,O,E,vn
中,丨,zhōng,O,S,f
",",UNK,UNK,O,S,x
sep,sep,sep,sep,sep,sep
本,木,běn,O,S,r
课,讠,kè,O,B,n
题,页,tí,O,E,n
LB,UNK,UNK,O,S,x
组,纟,zǔ,O,B,l
已,己,yǐ,O,E,l
运,辶,yùn,O,B,vn
用,用,yòng,O,E,vn
SPACE,UNK,UNK,O,S,x
R,UNK,UNK,O,B,eng
N,UNK,UNK,O,M,eng
A,UNK,UNK,O,M,eng
i,UNK,UNK,O,E,eng
SPACE,UNK,UNK,O,S,x
技,扌,jì,O,B,n
术,木,shù,O,E,n
",",UNK,UNK,O,S,x
sep,sep,sep,sep,sep,sep
设,讠,shè,O,B,vn
计,讠,jì,O,E,vn
构,木,gòu,O,B,v
建,廴,jiàn,O,E,v
靶,革,bǎ,O,B,n
向,口,xiàng,O,E,n
抑,扌,yì,O,B,v
制,刂,zhì,O,E,v
SPACE,UNK,UNK,O,S,x
A,UNK,UNK,B-Anatomy,B,eng
C,UNK,UNK,I-Anatomy,M,eng
E,UNK,UNK,I-Anatomy,E,eng
SPACE,UNK,UNK,I-Anatomy,S,x
基,土,jī,I-Anatomy,B,n
因,囗,yīn,I-Anatomy,E,n
表,衣,biǎo,O,S,v
LB,UNK,UNK,O,S,x
达,辶,dá,O,S,v
的,白,dí,O,S,uj
小,小,xiǎo,O,S,n
干,干,gān,O,B,v
扰,扌,rǎo,O,E,v
SPACE,UNK,UNK,O,S,x
R,UNK,UNK,O,B,eng
N,UNK,UNK,O,M,eng
A,UNK,UNK,O,E,eng
",",UNK,UNK,O,S,x
sep,sep,sep,sep,sep,sep
作,亻,zuò,O,B,v
用,用,yòng,O,E,v
于,二,yú,O,S,p
自,自,zì,B-Disease,B,n
发,又,fā,I-Disease,M,n
性,忄,xìng,I-Disease,E,n
高,高,gāo,I-Disease,B,n
血,血,xiě,I-Disease,M,n
压,厂,yā,I-Disease,E,n
大,大,dà,O,B,n
鼠,鼠,shǔ,O,E,n
",",UNK,UNK,O,S,x
sep,sep,sep,sep,sep,sep
有,月,yǒu,O,B,a
效,攵,xiào,O,E,a
抑,扌,yì,O,S,zg
LB,UNK,UNK,O,S,x
制,刂,zhì,O,S,v
了,乙,liǎo,O,S,ul
SPACE,UNK,UNK,O,S,x
A,UNK,UNK,B-Test,B,eng
C,UNK,UNK,I-Test,M,eng
E,UNK,UNK,I-Test,E,eng
SPACE,UNK,UNK,I-Test,S,x
m,UNK,UNK,I-Test,B,eng
R,UNK,UNK,I-Test,M,eng
N,UNK,UNK,I-Test,M,eng
A,UNK,UNK,I-Test,E,eng
SPACE,UNK,UNK,I-Test,S,x
和,口,hé,I-Test,S,c
蛋,虫,dàn,I-Test,B,n
白,白,bái,I-Test,E,n
表,衣,biǎo,I-Test,B,v
达,辶,dá,I-Test,E,v
",",UNK,UNK,O,S,x
sep,sep,sep,sep,sep,sep
产,亠,chǎn,O,B,n
生,生,shēng,O,E,n
了,乙,liǎo,O,S,ul
明,日,míng,O,B,a
显,日,xiǎn,O,E,a
持,扌,chí,O,B,a
久,丿,jiǔ,O,E,a
的,白,dí,O,S,uj
降,阝,jiàng,O,B,v
压,厂,yā,O,E,v
LB,UNK,UNK,O,S,x
作,亻,zuò,O,B,v
用,用,yòng,O,E,v
(,UNK,UNK,O,S,x
num,UNK,UNK,O,B,m
num,UNK,UNK,O,E,m
SPACE,UNK,UNK,O,S,x
d,UNK,UNK,O,S,x
SPACE,UNK,UNK,O,S,x
左,工,zuǒ,O,B,m
右,口,yòu,O,E,m
),UNK,UNK,O,S,x
",",UNK,UNK,O,S,x
sep,sep,sep,sep,sep,sep
并,干,bìng,O,B,c
且,一,qiě,O,E,c
明,日,míng,O,B,nr
显,日,xiǎn,O,M,nr
改,攵,gǎi,O,M,nr
善,口,shàn,O,E,nr
了,乙,liǎo,O,S,ul
心,心,xīn,B-Symptom,B,n
肌,月,jī,I-Symptom,E,n
重,里,zhòng,I-Symptom,B,n
构,木,gòu,I-Symptom,E,n
[,UNK,UNK,O,S,x
num,UNK,UNK,O,S,x
",",UNK,UNK,O,S,x
num,UNK,UNK,O,S,x
],UNK,UNK,O,S,x
。,UNK,UNK,O,S,x
sep,sep,sep,sep,sep,sep
SPACE,UNK,UNK,O,S,x
目,目,mù,O,S,t
LB,UNK,UNK,O,S,x
前,刂,qián,O,S,f
",",UNK,UNK,O,S,x
已,己,yǐ,O,B,v
有,月,yǒu,O,E,v
研,石,yán,O,B,vn
究,穴,jiū,O,E,vn
证,讠,zhèng,O,B,n
实,宀,shí,O,E,n
SPACE,UNK,UNK,O,S,x
R,UNK,UNK,B-Anatomy,B,eng
A,UNK,UNK,I-Anatomy,M,eng
S,UNK,UNK,I-Anatomy,E,eng
SPACE,UNK,UNK,O,S,x
与,一,yǔ,O,S,p
糖,米,táng,B-Disease,B,n
尿,尸,niào,I-Disease,M,n
病,疒,bìng,I-Disease,E,n
也,乙,yě,O,S,d
有,月,yǒu,O,S,v
密,宀,mì,O,B,l
切,刀,qiē,O,M,l
关,丷,guān,O,M,l
系,糸,xì,O,E,l
[,UNK,UNK,O,S,x
num,UNK,UNK,O,S,x
",",UNK,UNK,O,S,x
num,UNK,UNK,O,B,m
num,UNK,UNK,O,E,m
],UNK,UNK,O,S,x
",",UNK,UNK,O,S,x
sep,sep,sep,sep,sep,sep
LB,UNK,UNK,O,S,x
因,囗,yīn,O,B,c
此,止,cǐ,O,E,c
",",UNK,UNK,O,S,x
本,木,běn,O,S,r
实,宀,shí,O,B,vn
验,马,yàn,O,E,vn
观,见,guān,O,B,v
察,宀,chá,O,E,v
了,乙,liǎo,O,S,ul
SPACE,UNK,UNK,O,S,x
A,UNK,UNK,B-Drug,B,eng
C,UNK,UNK,I-Drug,M,eng
E,UNK,UNK,I-Drug,E,eng
SPACE,UNK,UNK,I-Drug,S,x
s,UNK,UNK,I-Drug,B,eng
h,UNK,UNK,I-Drug,M,eng
R,UNK,UNK,I-Drug,M,eng
N,UNK,UNK,I-Drug,M,eng
A,UNK,UNK,I-Drug,E,eng
SPACE,UNK,UNK,O,S,x
对,寸,duì,O,S,p
SPACE,UNK,UNK,O,S,x
num,UNK,UNK,B-Disease,S,x
SPACE,UNK,UNK,I-Disease,S,x
型,土,xíng,I-Disease,S,k
糖,米,táng,I-Disease,B,n
尿,尸,niào,I-Disease,M,n
病,疒,bìng,I-Disease,E,n
大,大,dà,O,B,n
鼠,鼠,shǔ,O,E,n
血,血,xiě,B-Test,S,n
LB,UNK,UNK,I-Test,S,x
糖,米,táng,I-Test,S,zg
、,UNK,UNK,O,S,x
胰,月,yí,B-Test,B,n
岛,山,dǎo,I-Test,M,n
素,糸,sù,I-Test,E,n
抵,扌,dǐ,I-Test,B,vn
抗,扌,kàng,I-Test,E,vn
及,又,jí,O,S,c
胰,月,yí,B-Test,B,n
腺,月,xiàn,I-Test,E,n
氧,气,yǎng,I-Test,B,n
化,亻,huà,I-Test,M,n
应,广,yīng,I-Test,M,n
激,氵,jī,I-Test,E,n
的,白,dí,O,S,uj
影,彡,yǐng,O,B,vn
响,口,xiǎng,O,E,vn
。,UNK,UNK,O,S,x
sep,sep,sep,sep,sep,sep
LB,UNK,UNK,O,S,x
本,木,běn,O,S,r
研,石,yán,O,B,vn
究,穴,jiū,O,E,vn
选,辶,xuǎn,O,B,v
用,用,yòng,O,E,v
SPACE,UNK,UNK,O,S,x
num,UNK,UNK,O,B,m
num,UNK,UNK,O,E,m
SPACE,UNK,UNK,O,S,x
周,口,zhōu,O,B,nr
龄,齿,líng,O,E,nr
高,高,gāo,O,B,n
糖,米,táng,O,E,n
高,高,gāo,O,B,n
脂,月,zhī,O,E,n
饲,饣,sì,O,B,n
料,斗,liào,O,E,n
饲,饣,sì,O,B,v
养,丷,yǎng,O,E,v
大,大,dà,O,B,n
鼠,鼠,shǔ,O,E,n
为,丶,wéi,O,S,p
研,石,yán,O,S,vn
LB,UNK,UNK,O,S,x
究,穴,jiū,O,S,d
对,寸,duì,O,B,n
象,豕,xiàng,O,E,n
",",UNK,UNK,O,S,x
sep,sep,sep,sep,sep,sep
并,干,bìng,O,S,c
小,小,xiǎo,O,B,n
剂,刂,jì,O,M,n
量,里,liáng,O,E,n
注,氵,zhù,O,B,v
射,寸,shè,O,E,v
SPACE,UNK,UNK,O,S,x
S,UNK,UNK,B-Drug,B,eng
T,UNK,UNK,I-Drug,M,eng
Z,UNK,UNK,I-Drug,E,eng
",",UNK,UNK,O,S,x
sep,sep,sep,sep,sep,sep
以,人,yǐ,O,S,p
确,石,què,O,B,v
保,亻,bǎo,O,E,v
SPACE,UNK,UNK,O,S,x
num,UNK,UNK,B-Disease,S,x
SPACE,UNK,UNK,I-Disease,S,x
型,土,xíng,I-Disease,S,k
糖,米,táng,I-Disease,B,n
尿,尸,niào,I-Disease,M,n
病,疒,bìng,I-Disease,E,n
模,木,mó,O,B,n
型,土,xíng,O,E,n
的,白,dí,O,S,uj
LB,UNK,UNK,O,S,x
建,廴,jiàn,O,B,v
立,立,lì,O,E,v
。,UNK,UNK,O,S,x
sep,sep,sep,sep,sep,sep
SPACE,UNK,UNK,O,S,x
结,纟,jié,O,B,n
果,木,guǒ,O,E,n
发,又,fā,O,B,v
现,见,xiàn,O,E,v
",",UNK,UNK,O,S,x
注,氵,zhù,B-Method,B,v
射,寸,shè,I-Method,E,v
SPACE,UNK,UNK,O,S,x
A,UNK,UNK,B-Treatment,B,eng
d,UNK,UNK,I-Treatment,M,eng
num,UNK,UNK,I-Treatment,E,eng
-,UNK,UNK,I-Treatment,S,x
A,UNK,UNK,I-Treatment,B,eng
C,UNK,UNK,I-Treatment,M,eng
E,UNK,UNK,I-Treatment,E,eng
-,UNK,UNK,I-Treatment,S,x
s,UNK,UNK,I-Treatment,B,eng
h,UNK,UNK,I-Treatment,M,eng
R,UNK,UNK,I-Treatment,M,eng
N,UNK,UNK,I-Treatment,M,eng
A,UNK,UNK,I-Treatment,E,eng
SPACE,UNK,UNK,O,S,x
后,口,hòu,O,S,f
",",UNK,UNK,O,S,x
sep,sep,sep,sep,sep,sep
大,大,dà,O,B,n
鼠,鼠,shǔ,O,E,n
胰,月,yí,B-Anatomy,B,n
腺,月,xiàn,I-Anatomy,E,n
LB,UNK,UNK,O,S,x
A,UNK,UNK,B-Test,B,eng
C,UNK,UNK,I-Test,M,eng
E,UNK,UNK,I-Test,E,eng
SPACE,UNK,UNK,I-Test,S,x
m,UNK,UNK,I-Test,B,eng
R,UNK,UNK,I-Test,M,eng
N,UNK,UNK,I-Test,M,eng
A,UNK,UNK,I-Test,E,eng
SPACE,UNK,UNK,O,S,x
及,又,jí,O,S,c
蛋,虫,dàn,B-Test,B,n
白,白,bái,I-Test,E,n
表,衣,biǎo,O,B,v
达,辶,dá,O,E,v
均,土,jūn,O,S,d
明,日,míng,B-Test_Value,B,n
显,日,xiǎn,I-Test_Value,M,n
降,阝,jiàng,I-Test_Value,M,n
低,亻,dī,I-Test_Value,E,n
",",UNK,UNK,O,S,x
sep,sep,sep,sep,sep,sep
血,血,xiě,O,B,n
清,氵,qīng,O,E,n
SPACE,UNK,UNK,O,S,x
A,UNK,UNK,B-Test,B,eng
C,UNK,UNK,I-Test,M,eng
E,UNK,UNK,I-Test,E,eng
SPACE,UNK,UNK,O,S,x
和,口,hé,O,S,c
SPACE,UNK,UNK,O,S,x
A,UNK,UNK,B-Test,B,eng
n,UNK,UNK,I-Test,M,eng
g,UNK,UNK,I-Test,E,eng
LB,UNK,UNK,I-Test,S,x
域,土,yù,I-Test,S,n
的,白,dí,O,S,uj
浓,氵,nóng,O,B,n
度,广,dù,O,E,n
也,乙,yě,O,S,d
明,日,míng,B-Test_Value,B,a
显,日,xiǎn,I-Test_Value,E,a
减,冫,jiǎn,I-Test_Value,B,v
少,小,shǎo,I-Test_Value,E,v
",",UNK,UNK,O,S,x
sep,sep,sep,sep,sep,sep
说,讠,shuō,O,B,v
明,日,míng,O,E,v
组,纟,zǔ,O,B,v
织,纟,zhī,O,E,v
和,口,hé,O,S,c
循,彳,xún,O,B,vn
环,王,huán,O,E,vn
中,丨,zhōng,O,S,f
的,白,dí,O,S,uj
SPACE,UNK,UNK,O,S,x
R,UNK,UNK,B-Anatomy,B,eng
A,UNK,UNK,I-Anatomy,M,eng
S,UNK,UNK,I-Anatomy,E,eng
SPACE,UNK,UNK,O,S,x
均,土,jūn,O,S,d
受,又,shòu,O,S,v
LB,UNK,UNK,O,S,x
到,刂,dào,O,S,v
抑,扌,yì,O,B,v
制,刂,zhì,O,E,v
",",UNK,UNK,O,S,x
sep,sep,sep,sep,sep,sep
R,UNK,UNK,O,B,eng
N,UNK,UNK,O,M,eng
A,UNK,UNK,O,E,eng
SPACE,UNK,UNK,O,S,x
干,干,gān,O,B,v
扰,扌,rǎo,O,E,v
抑,扌,yì,O,B,v
制,刂,zhì,O,E,v
基,土,jī,O,B,n
因,囗,yīn,O,E,n
表,衣,biǎo,O,B,v
达,辶,dá,O,E,v
是,日,shì,O,S,v
成,戈,chéng,O,B,a
功,力,gōng,O,E,a
的,白,dí,O,S,uj
。,UNK,UNK,O,S,x
sep,sep,sep,sep,sep,sep
SPACE,UNK,UNK,O,S,x
而,而,ér,O,B,c
且,一,qiě,O,E,c
基,土,jī,B-Treatment,B,n
因,囗,yīn,I-Treatment,E,n
LB,UNK,UNK,I-Treatment,S,x
治,氵,zhì,I-Treatment,B,v
疗,疒,liáo,I-Treatment,E,v
组,纟,zǔ,O,B,v
在,土,zài,O,E,v
整,攵,zhěng,O,B,b
个,人,gè,O,E,b
治,氵,zhì,O,B,v
疗,疒,liáo,O,E,v
过,辶,guò,O,B,n
程,禾,chéng,O,E,n
中,丨,zhōng,O,S,f
只,口,zhī,O,S,d
注,氵,zhù,O,B,v
射,寸,shè,O,E,v
了,乙,liǎo,O,S,ul
SPACE,UNK,UNK,O,S,x
num,UNK,UNK,O,S,x
SPACE,UNK,UNK,O,S,x
次,欠,cì,O,S,q
",",UNK,UNK,O,S,x
sep,sep,sep,sep,sep,sep
每,母,měi,O,B,r
次,欠,cì,O,E,r
作,亻,zuò,O,B,v
用,用,yòng,O,E,v
持,扌,chí,O,S,v
LB,UNK,UNK,O,S,x
续,纟,xù,O,S,v
SPACE,UNK,UNK,O,S,x
num,UNK,UNK,O,B,m
num,UNK,UNK,O,E,m
SPACE,UNK,UNK,O,S,x
d,UNK,UNK,O,S,x
SPACE,UNK,UNK,O,S,x
左,工,zuǒ,O,B,m
右,口,yòu,O,E,m
",",UNK,UNK,O,S,x
sep,sep,sep,sep,sep,sep
较,车,jiào,O,S,zg
每,母,měi,O,B,r
日,日,rì,O,E,r
用,用,yòng,O,B,n
药,艹,yào,O,E,n
有,月,yǒu,O,S,v
明,日,míng,O,B,a
显,日,xiǎn,O,E,a
的,白,dí,O,S,uj
优,亻,yōu,O,B,b
越,走,yuè,O,M,b
性,忄,xìng,O,E,b
。,UNK,UNK,O,S,x
sep,sep,sep,sep,sep,sep
LB,UNK,UNK,O,S,x
实,宀,shí,O,B,vn
验,马,yàn,O,E,vn
结,纟,jié,O,B,v
束,木,shù,O,E,v
时,日,shí,O,S,n
",",UNK,UNK,O,S,x
基,土,jī,B-Treatment,B,n
因,囗,yīn,I-Treatment,M,n
治,氵,zhì,I-Treatment,M,n
疗,疒,liáo,I-Treatment,E,n
组,纟,zǔ,O,S,q
和,口,hé,O,S,c
依,亻,yī,B-Drug,B,ns
那,阝,nà,I-Drug,M,ns
普,日,pǔ,I-Drug,M,ns
利,刂,lì,I-Drug,E,ns
组,纟,zǔ,O,S,q
的,白,dí,O,S,uj
血,血,xiě,B-Test,B,n
糖,米,táng,I-Test,E,n
虽,虫,suī,O,S,zg
LB,UNK,UNK,O,S,x
然,灬,rán,O,S,c
没,氵,méi,B-Test_Value,B,v
有,月,yǒu,I-Test_Value,E,v
恢,忄,huī,I-Test_Value,B,v
复,夂,fù,I-Test_Value,E,v
到,刂,dào,I-Test_Value,S,v
正,止,zhèng,I-Test_Value,B,d
常,巾,cháng,I-Test_Value,E,d
状,犬,zhuàng,I-Test_Value,B,n
态,心,tài,I-Test_Value,E,n
",",UNK,UNK,O,S,x
sep,sep,sep,sep,sep,sep
但,亻,dàn,O,S,c
与,一,yǔ,O,S,p
糖,米,táng,B-Disease,B,n
尿,尸,niào,I-Disease,M,n
病,疒,bìng,I-Disease,E,n
对,寸,duì,O,B,n
照,灬,zhào,O,M,n
组,纟,zǔ,O,E,n
相,目,xiāng,O,B,v
比,比,bǐ,O,E,v
",",UNK,UNK,O,S,x
sep,sep,sep,sep,sep,sep
高,高,gāo,B-Symptom,S,a
血,血,xiě,I-Symptom,S,n
LB,UNK,UNK,I-Symptom,S,x
糖,米,táng,I-Symptom,S,n
的,白,dí,O,S,uj
进,辶,jìn,O,B,vn
展,尸,zhǎn,O,E,vn
速,辶,sù,O,B,n
度,广,dù,O,E,n
明,日,míng,O,B,a
显,日,xiǎn,O,E,a
延,廴,yán,O,B,v
缓,纟,huǎn,O,E,v
",",UNK,UNK,O,S,x
sep,sep,sep,sep,sep,sep
表,衣,biǎo,O,B,v
明,日,míng,O,E,v
抑,扌,yì,O,B,v
制,刂,zhì,O,E,v
SPACE,UNK,UNK,O,S,x
A,UNK,UNK,B-Drug,B,eng
C,UNK,UNK,I-Drug,M,eng
E,UNK,UNK,I-Drug,E,eng
SPACE,UNK,UNK,O,S,x
的,白,dí,O,S,uj
表,衣,biǎo,O,B,v
达,辶,dá,O,E,v
或,戈,huò,O,S,c
活,氵,huó,O,B,n
性,忄,xìng,O,E,n
LB,UNK,UNK,O,S,x
可,口,kě,O,S,v
有,月,yǒu,O,B,a
效,攵,xiào,O,E,a
改,攵,gǎi,O,B,v
善,口,shàn,O,E,v
糖,米,táng,B-Reason,S,zg
代,亻,dài,I-Reason,B,v
谢,讠,xiè,I-Reason,E,v
紊,糸,wěn,I-Reason,B,a
乱,乙,luàn,I-Reason,E,a
。,UNK,UNK,O,S,x
sep,sep,sep,sep,sep,sep
LB,UNK,UNK,O,S,x
胰,月,yí,B-Reason,B,n
岛,山,dǎo,I-Reason,M,n
素,糸,sù,I-Reason,E,n
抵,扌,dǐ,I-Reason,B,vn
抗,扌,kàng,I-Reason,E,vn
是,日,shì,O,S,v
SPACE,UNK,UNK,O,S,x
num,UNK,UNK,B-Disease,S,x
SPACE,UNK,UNK,I-Disease,S,x
型,土,xíng,I-Disease,S,k
糖,米,táng,I-Disease,B,n
尿,尸,niào,I-Disease,M,n
病,疒,bìng,I-Disease,E,n
的,白,dí,O,S,uj
一,一,yī,O,B,m
个,人,gè,O,E,m
重,里,zhòng,O,B,a
要,覀,yào,O,E,a
病,疒,bìng,O,B,n
理,王,lǐ,O,E,n
生,生,shēng,O,B,n
理,王,lǐ,O,M,n
学,子,xué,O,E,n
LB,UNK,UNK,O,S,x
特,牜,tè,O,B,n
征,彳,zhēng,O,E,n
",",UNK,UNK,O,S,x
sep,sep,sep,sep,sep,sep
研,石,yán,O,B,vn
究,穴,jiū,O,E,vn
显,日,xiǎn,O,B,v
示,示,shì,O,E,v
",",UNK,UNK,O,S,x
R,UNK,UNK,B-Reason,B,eng
A,UNK,UNK,I-Reason,M,eng
S,UNK,UNK,I-Reason,E,eng
SPACE,UNK,UNK,O,S,x
与,一,yǔ,O,S,p
胰,月,yí,B-Reason,B,n
岛,山,dǎo,I-Reason,M,n
素,糸,sù,I-Reason,E,n
抵,扌,dǐ,I-Reason,B,vn
抗,扌,kàng,I-Reason,E,vn
有,月,yǒu,O,S,v
密,宀,mì,O,B,l
切,刀,qiē,O,M,l
联,耳,lián,O,M,l
系,糸,xì,O,E,l
",",UNK,UNK,O,S,x
sep,sep,sep,sep,sep,sep
阻,阝,zǔ,O,B,v
断,斤,duàn,O,E,v
LB,UNK,UNK,O,S,x
R,UNK,UNK,B-Anatomy,B,eng
A,UNK,UNK,I-Anatomy,M,eng
S,UNK,UNK,I-Anatomy,E,eng
SPACE,UNK,UNK,O,S,x
可,口,kě,O,S,v
提,扌,tí,O,B,v
高,高,gāo,O,E,v
胰,月,yí,O,B,n
岛,山,dǎo,O,M,n
素,糸,sù,O,E,n
敏,攵,mǐn,O,B,n
感,心,gǎn,O,M,n
性,忄,xìng,O,E,n
[,UNK,UNK,O,S,x
num,UNK,UNK,O,B,m
num,UNK,UNK,O,E,m
],UNK,UNK,O,S,x
。,UNK,UNK,O,S,x
sep,sep,sep,sep,sep,sep
SPACE,UNK,UNK,O,S,x
本,木,běn,O,S,r
实,宀,shí,O,B,vn
验,马,yàn,O,E,vn
经,纟,jīng,O,B,p
过,辶,guò,O,E,p
SPACE,UNK,UNK,O,S,x
num,UNK,UNK,B-Duration,B,m
num,UNK,UNK,I-Duration,E,m
SPACE,UNK,UNK,I-Duration,S,x
d,UNK,UNK,I-Duration,S,x
SPACE,UNK,UNK,O,S,x
干,干,gān,O,B,v
预,页,yù,O,E,v
LB,UNK,UNK,O,S,x
后,口,hòu,O,S,f
",",UNK,UNK,O,S,x
sep,sep,sep,sep,sep,sep
基,土,jī,B-Treatment,B,n
因,囗,yīn,I-Treatment,M,n
治,氵,zhì,I-Treatment,M,n
疗,疒,liáo,I-Treatment,E,n
组,纟,zǔ,O,B,v
与,一,yǔ,O,E,v
依,亻,yī,B-Drug,B,ns
那,阝,nà,I-Drug,M,ns
普,日,pǔ,I-Drug,M,ns
利,刂,lì,I-Drug,E,ns
组,纟,zǔ,O,S,q
的,白,dí,O,S,uj
胰,月,yí,B-Test,B,n
岛,山,dǎo,I-Test,M,n
素,糸,sù,I-Test,E,n
敏,攵,mǐn,I-Test,B,a
感,心,gǎn,I-Test,E,a
指,扌,zhǐ,I-Test,B,n
数,攵,shù,I-Test,E,n
明,日,míng,B-Test_Value,B,a
显,日,xiǎn,I-Test_Value,E,a
LB,UNK,UNK,I-Test_Value,S,x
升,十,shēng,I-Test_Value,B,v
高,高,gāo,I-Test_Value,E,v
",",UNK,UNK,O,S,x
sep,sep,sep,sep,sep,sep
说,讠,shuō,O,B,v
明,日,míng,O,E,v
胰,月,yí,B-Reason,B,n
岛,山,dǎo,I-Reason,M,n
素,糸,sù,I-Reason,E,n
抵,扌,dǐ,I-Reason,B,vn
抗,扌,kàng,I-Reason,E,vn
显,日,xiǎn,O,B,a
著,艹,zhù,O,E,a
改,攵,gǎi,O,B,v
善,口,shàn,O,E,v
。,UNK,UNK,O,S,x
sep,sep,sep,sep,sep,sep
LB,UNK,UNK,O,S,x
G,UNK,UNK,B-Anatomy,B,eng
L,UNK,UNK,I-Anatomy,M,eng
U,UNK,UNK,I-Anatomy,M,eng
T,UNK,UNK,I-Anatomy,M,eng
num,UNK,UNK,I-Anatomy,E,eng
SPACE,UNK,UNK,O,S,x
是,日,shì,O,S,v
脂,月,zhī,B-Anatomy,B,n
肪,月,fáng,I-Anatomy,E,n
细,纟,xì,I-Anatomy,B,n
胞,月,bāo,I-Anatomy,E,n
和,口,hé,O,S,c
骨,骨,gǔ,B-Anatomy,B,n
骼,骨,gé,I-Anatomy,M,n
肌,月,jī,I-Anatomy,E,n
细,纟,xì,I-Anatomy,B,n
胞,月,bāo,I-Anatomy,E,n
协,十,xié,O,B,v
助,力,zhù,O,E,v
葡,艹,pú,O,B,n
萄,艹,táo,O,M,n
糖,米,táng,O,E,n
转,车,zhuǎn,O,S,v
LB,UNK,UNK,O,S,x
运,辶,yùn,O,S,v
的,白,dí,O,S,uj
主,丶,zhǔ,O,B,b
要,覀,yào,O,E,b
蛋,虫,dàn,O,B,n
白,白,bái,O,M,n
质,贝,zhì,O,E,n
",",UNK,UNK,O,S,x
sep,sep,sep,sep,sep,sep
其,八,qí,O,S,r
转,车,zhuǎn,O,B,v
位,亻,wèi,O,E,v
障,阝,zhàng,O,B,n
碍,石,ài,O,E,n
和,口,hé,O,S,c
表,衣,biǎo,O,B,v
达,辶,dá,O,E,v
减,冫,jiǎn,O,B,v
少,小,shǎo,O,E,v
都,阝,dū,O,S,d
会,人,huì,O,S,v
影,彡,yǐng,O,B,vn
响,口,xiǎng,O,E,vn
糖,米,táng,O,S,zg
LB,UNK,UNK,O,S,x
代,亻,dài,O,B,v
谢,讠,xiè,O,E,v
",",UNK,UNK,O,S,x
sep,sep,sep,sep,sep,sep
加,力,jiā,O,B,v
重,里,zhòng,O,E,v
胰,月,yí,B-Reason,B,n
岛,山,dǎo,I-Reason,M,n
素,糸,sù,I-Reason,E,n
抵,扌,dǐ,I-Reason,B,vn
抗,扌,kàng,I-Reason,E,vn
。,UNK,UNK,O,S,x
sep,sep,sep,sep,sep,sep
SPACE,UNK,UNK,O,S,x
本,木,běn,O,S,r
实,宀,shí,O,B,vn
验,马,yàn,O,E,vn
提,扌,tí,O,B,v
取,又,qǔ,O,E,v
附,阝,fù,B-Anatomy,B,n
睾,目,gāo,I-Anatomy,E,n
脂,月,zhī,B-Anatomy,B,n
肪,月,fáng,I-Anatomy,M,n
组,纟,zǔ,I-Anatomy,M,n
织,纟,zhī,I-Anatomy,E,n
",",UNK,UNK,O,S,x
sep,sep,sep,sep,sep,sep
检,木,jiǎn,O,S,vn
LB,UNK,UNK,O,S,x
测,氵,cè,O,S,vn
SPACE,UNK,UNK,O,S,x
G,UNK,UNK,B-Test,B,eng
L,UNK,UNK,I-Test,M,eng
U,UNK,UNK,I-Test,M,eng
T,UNK,UNK,I-Test,M,eng
num,UNK,UNK,I-Test,E,eng
SPACE,UNK,UNK,I-Test,S,x
的,白,dí,I-Test,S,uj
表,衣,biǎo,I-Test,B,v
达,辶,dá,I-Test,E,v
",",UNK,UNK,O,S,x
sep,sep,sep,sep,sep,sep
发,又,fā,O,B,v
现,见,xiàn,O,E,v
基,土,jī,B-Treatment,B,n
因,囗,yīn,I-Treatment,M,n
治,氵,zhì,I-Treatment,M,n
疗,疒,liáo,I-Treatment,E,n
组,纟,zǔ,O,B,v
与,一,yǔ,O,E,v
依,亻,yī,B-Drug,B,ns
那,阝,nà,I-Drug,M,ns
普,日,pǔ,I-Drug,M,ns
利,刂,lì,I-Drug,E,ns
组,纟,zǔ,O,S,zg
明,日,míng,B-Test_Value,B,a
显,日,xiǎn,I-Test_Value,E,a
LB,UNK,UNK,I-Test_Value,S,x
升,十,shēng,I-Test_Value,B,v
高,高,gāo,I-Test_Value,E,v
",",UNK,UNK,O,S,x
sep,sep,sep,sep,sep,sep
表,衣,biǎo,O,B,v
明,日,míng,O,E,v
抑,扌,yì,O,B,v
制,刂,zhì,O,E,v
SPACE,UNK,UNK,O,S,x
A,UNK,UNK,O,B,eng
C,UNK,UNK,O,M,eng
E,UNK,UNK,O,E,eng
SPACE,UNK,UNK,O,S,x
的,白,dí,O,S,uj
表,衣,biǎo,O,B,v
达,辶,dá,O,E,v
或,戈,huò,O,S,c
活,氵,huó,O,B,n
性,忄,xìng,O,E,n
后,口,hòu,O,S,f
",",UNK,UNK,O,S,x
sep,sep,sep,sep,sep,sep
外,夕,wài,O,B,f
周,口,zhōu,O,E,f
组,纟,zǔ,O,B,v
织,纟,zhī,O,E,v
的,白,dí,O,S,uj
胰,月,yí,B-Reason,S,n
LB,UNK,UNK,I-Reason,S,x
岛,山,dǎo,I-Reason,B,n
素,糸,sù,I-Reason,E,n
抵,扌,dǐ,I-Reason,B,vn
抗,扌,kàng,I-Reason,E,vn
也,乙,yě,O,S,d
得,彳,dé,O,B,v
到,刂,dào,O,E,v
了,乙,liǎo,O,S,ul
改,攵,gǎi,O,B,v
善,口,shàn,O,E,v
。,UNK,UNK,O,S,x
sep,sep,sep,sep,sep,sep
LB,UNK,UNK,O,S,x
研,石,yán,O,B,vn
究,穴,jiū,O,E,vn
发,又,fā,O,B,v
现,见,xiàn,O,E,v
糖,米,táng,B-Disease,B,n
尿,尸,niào,I-Disease,M,n
病,疒,bìng,I-Disease,E,n
模,木,mó,O,B,n
型,土,xíng,O,E,n
动,力,dòng,O,B,n
物,牜,wù,O,E,n
的,白,dí,O,S,uj
胰,月,yí,B-Anatomy,B,n
岛,山,dǎo,I-Anatomy,E,n
中,丨,zhōng,O,S,f
有,月,yǒu,O,S,v
高,高,gāo,O,B,nr
水,水,shuǐ,O,M,nr
平,干,píng,O,E,nr
LB,UNK,UNK,O,S,x
R,UNK,UNK,B-Anatomy,B,eng
A,UNK,UNK,I-Anatomy,M,eng
S,UNK,UNK,I-Anatomy,E,eng
SPACE,UNK,UNK,O,S,x
成,戈,chéng,O,B,n
份,亻,fèn,O,E,n
的,白,dí,O,S,uj
表,衣,biǎo,O,B,v
达,辶,dá,O,E,v
[,UNK,UNK,O,S,x
num,UNK,UNK,O,B,m
num,UNK,UNK,O,E,m
],UNK,UNK,O,S,x
",",UNK,UNK,O,S,x
sep,sep,sep,sep,sep,sep
不,一,bù,O,B,c
仅,亻,jǐn,O,E,c
发,又,fā,O,B,v
挥,扌,huī,O,E,v
缩,纟,suō,O,S,v
血,血,xiě,O,B,n
管,竹,guǎn,O,E,n
作,亻,zuò,O,B,v
用,用,yòng,O,E,v
",",UNK,UNK,O,S,x
sep,sep,sep,sep,sep,sep
还,辶,huán,O,B,v
有,月,yǒu,O,E,v
生,生,shēng,O,B,v
成,戈,chéng,O,E,v
LB,UNK,UNK,O,S,x
活,氵,huó,B-Anatomy,B,vn
性,忄,xìng,I-Anatomy,M,vn
氧,气,yǎng,I-Anatomy,E,vn
簇,竹,cù,I-Anatomy,S,zg
(,UNK,UNK,O,S,x
R,UNK,UNK,B-Anatomy,B,eng
O,UNK,UNK,I-Anatomy,M,eng
S,UNK,UNK,I-Anatomy,E,eng
),UNK,UNK,O,S,x
、,UNK,UNK,O,S,x
诱,讠,yòu,O,B,vn
导,寸,dǎo,O,E,vn
细,纟,xì,O,B,n
胞,月,bāo,O,E,n
凋,冫,diāo,O,B,v
亡,亠,wáng,O,E,v
、,UNK,UNK,O,S,x
促,亻,cù,O,S,v
炎,火,yán,O,B,n
症,疒,zhèng,O,E,n
等,竹,děng,O,S,u
作,亻,zuò,O,B,v
用,用,yòng,O,E,v
[,UNK,UNK,O,S,x
num,UNK,UNK,O,B,m
num,UNK,UNK,O,E,m
],UNK,UNK,O,S,x
",",UNK,UNK,O,S,x
sep,sep,sep,sep,sep,sep
因,囗,yīn,O,S,p
LB,UNK,UNK,O,S,x
此,止,cǐ,O,S,zg
",",UNK,UNK,O,S,x
阻,阝,zǔ,O,B,v
断,斤,duàn,O,E,v
胰,月,yí,B-Anatomy,B,n
岛,山,dǎo,I-Anatomy,E,n
SPACE,UNK,UNK,O,S,x
R,UNK,UNK,B-Anatomy,B,eng
A,UNK,UNK,I-Anatomy,M,eng
S,UNK,UNK,I-Anatomy,E,eng
SPACE,UNK,UNK,O,S,x
可,口,kě,O,B,v
能,月,néng,O,E,v
保,亻,bǎo,O,B,v
护,扌,hù,O,E,v
胰,月,yí,B-Anatomy,B,n
岛,山,dǎo,I-Anatomy,E,n
功,力,gōng,O,B,n
能,月,néng,O,E,n
。,UNK,UNK,O,S,x
sep,sep,sep,sep,sep,sep
LB,UNK,UNK,O,S,x
最,曰,zuì,O,B,f
近,辶,jìn,O,E,f
有,月,yǒu,O,S,v
研,石,yán,O,B,vn
究,穴,jiū,O,E,vn
证,讠,zhèng,O,B,n
实,宀,shí,O,E,n
胰,月,yí,B-Anatomy,B,n
岛,山,dǎo,I-Anatomy,E,n
SPACE,UNK,UNK,I-Anatomy,S,x
β,UNK,UNK,I-Anatomy,S,x
SPACE,UNK,UNK,I-Anatomy,S,x
细,纟,xì,I-Anatomy,B,n
胞,月,bāo,I-Anatomy,E,n
能,月,néng,O,B,v
够,夕,gòu,O,E,v
表,衣,biǎo,O,B,v
达,辶,dá,O,E,v
SPACE,UNK,UNK,O,S,x
N,UNK,UNK,B-Anatomy,B,eng
A,UNK,UNK,I-Anatomy,M,eng
D,UNK,UNK,I-Anatomy,E,eng
(,UNK,UNK,I-Anatomy,S,x
P,UNK,UNK,I-Anatomy,S,x
),UNK,UNK,I-Anatomy,S,x
H,UNK,UNK,I-Anatomy,S,x
LB,UNK,UNK,I-Anatomy,S,x
氧,气,yǎng,I-Anatomy,B,n
化,亻,huà,I-Anatomy,M,n
酶,酉,méi,I-Anatomy,E,n
的,白,dí,I-Anatomy,S,uj
膜,月,mó,I-Anatomy,S,n
结,纟,jié,I-Anatomy,B,v
合,口,hé,I-Anatomy,E,v
亚,二,yà,I-Anatomy,B,nrt
基,土,jī,I-Anatomy,E,nrt
SPACE,UNK,UNK,I-Anatomy,S,x
p,UNK,UNK,I-Anatomy,B,eng
num,UNK,UNK,I-Anatomy,M,eng
num,UNK,UNK,I-Anatomy,M,eng
p,UNK,UNK,I-Anatomy,M,eng
h,UNK,UNK,I-Anatomy,M,eng
o,UNK,UNK,I-Anatomy,M,eng
x,UNK,UNK,I-Anatomy,E,eng
[,UNK,UNK,O,S,x
num,UNK,UNK,O,B,m
num,UNK,UNK,O,E,m
],UNK,UNK,O,S,x
",",UNK,UNK,O,S,x
sep,sep,sep,sep,sep,sep
高,高,gāo,O,S,a
糖,米,táng,O,S,n
能,月,néng,O,S,v
激,氵,jī,O,B,a
活,氵,huó,O,E,a
SPACE,UNK,UNK,O,S,x
β,UNK,UNK,B-Anatomy,S,x
SPACE,UNK,UNK,I-Anatomy,S,x
细,纟,xì,I-Anatomy,B,n
胞,月,bāo,I-Anatomy,E,n
内,冂,nèi,O,S,n
LB,UNK,UNK,O,S,x
N,UNK,UNK,B-Anatomy,B,eng
A,UNK,UNK,I-Anatomy,M,eng
D,UNK,UNK,I-Anatomy,E,eng
(,UNK,UNK,I-Anatomy,S,x
P,UNK,UNK,I-Anatomy,S,x
),UNK,UNK,I-Anatomy,S,x
H,UNK,UNK,I-Anatomy,S,x
SPACE,UNK,UNK,I-Anatomy,S,x
氧,气,yǎng,I-Anatomy,B,n
化,亻,huà,I-Anatomy,M,n
酶,酉,méi,I-Anatomy,E,n
",",UNK,UNK,O,S,x
sep,sep,sep,sep,sep,sep
促,亻,cù,O,B,v
进,辶,jìn,O,E,v
SPACE,UNK,UNK,O,S,x
R,UNK,UNK,B-Anatomy,B,eng
O,UNK,UNK,I-Anatomy,M,eng
S,UNK,UNK,I-Anatomy,E,eng
SPACE,UNK,UNK,O,S,x
生,生,shēng,O,B,v
成,戈,chéng,O,E,v
[,UNK,UNK,O,S,x
num,UNK,UNK,O,B,m
num,UNK,UNK,O,E,m
],UNK,UNK,O,S,x
",",UNK,UNK,O,S,x
sep,sep,sep,sep,sep,sep
加,力,jiā,O,B,v
重,里,zhòng,O,E,v
氧,气,yǎng,B-Reason,B,n
化,亻,huà,I-Reason,M,n
应,广,yīng,I-Reason,M,n
激,氵,jī,I-Reason,E,n
",",UNK,UNK,O,S,x
sep,sep,sep,sep,sep,sep
LB,UNK,UNK,O,S,x
影,彡,yǐng,O,B,vn
响,口,xiǎng,O,E,vn
SPACE,UNK,UNK,O,S,x
β,UNK,UNK,B-Anatomy,S,x
SPACE,UNK,UNK,I-Anatomy,S,x
细,纟,xì,I-Anatomy,B,n
胞,月,bāo,I-Anatomy,E,n
功,力,gōng,O,B,n
能,月,néng,O,E,n
。,UNK,UNK,O,S,x
sep,sep,sep,sep,sep,sep
SPACE,UNK,UNK,O,S,x
本,木,běn,O,S,r
研,石,yán,O,B,vn
究,穴,jiū,O,E,vn
显,日,xiǎn,O,B,v
示,示,shì,O,E,v
",",UNK,UNK,O,S,x
糖,米,táng,B-Disease,B,n
尿,尸,niào,I-Disease,M,n
病,疒,bìng,I-Disease,E,n
对,寸,duì,O,B,n
照,灬,zhào,O,M,n
组,纟,zǔ,O,E,n
的,白,dí,O,S,uj
胰,月,yí,B-Anatomy,B,n
腺,月,xiàn,I-Anatomy,E,n
LB,UNK,UNK,O,S,x
p,UNK,UNK,B-Test,B,eng
num,UNK,UNK,I-Test,M,eng
num,UNK,UNK,I-Test,M,eng
p,UNK,UNK,I-Test,M,eng
h,UNK,UNK,I-Test,M,eng
o,UNK,UNK,I-Test,M,eng
x,UNK,UNK,I-Test,E,eng
表,衣,biǎo,I-Test,B,v
达,辶,dá,I-Test,E,v
明,日,míng,B-Test_Value,B,a
显,日,xiǎn,I-Test_Value,E,a
升,十,shēng,I-Test_Value,B,v
高,高,gāo,I-Test_Value,E,v
",",UNK,UNK,O,S,x
sep,sep,sep,sep,sep,sep
说,讠,shuō,O,B,v
明,日,míng,O,E,v
糖,米,táng,B-Disease,B,n
尿,尸,niào,I-Disease,M,n
病,疒,bìng,I-Disease,E,n
大,大,dà,O,B,n
鼠,鼠,shǔ,O,E,n
的,白,dí,O,S,uj
胰,月,yí,B-Anatomy,B,n
腺,月,xiàn,I-Anatomy,E,n
氧,气,yǎng,B-Reason,B,v
化,亻,huà,I-Reason,E,v
应,广,yīng,I-Reason,S,v
LB,UNK,UNK,I-Reason,S,x
激,氵,jī,I-Reason,S,n
增,土,zēng,O,B,v
强,弓,qiáng,O,E,v
。,UNK,UNK,O,S,x
sep,sep,sep,sep,sep,sep
SPACE,UNK,UNK,O,S,x
而,而,ér,O,S,c
用,用,yòng,O,S,p
SPACE,UNK,UNK,O,S,x
R,UNK,UNK,B-Treatment,B,eng
N,UNK,UNK,I-Treatment,M,eng
A,UNK,UNK,I-Treatment,E,eng
SPACE,UNK,UNK,I-Treatment,S,x
干,干,gān,I-Treatment,B,v
扰,扌,rǎo,I-Treatment,E,v
抑,扌,yì,O,B,v
制,刂,zhì,O,E,v
SPACE,UNK,UNK,O,S,x
A,UNK,UNK,B-Test,B,eng
C,UNK,UNK,I-Test,M,eng
E,UNK,UNK,I-Test,E,eng
SPACE,UNK,UNK,I-Test,S,x
表,衣,biǎo,I-Test,B,v
达,辶,dá,I-Test,E,v
后,口,hòu,O,S,f
",",UNK,UNK,O,S,x
sep,sep,sep,sep,sep,sep
p,UNK,UNK,B-Test,B,eng
num,UNK,UNK,I-Test,M,eng
num,UNK,UNK,I-Test,M,eng
p,UNK,UNK,I-Test,M,eng
h,UNK,UNK,I-Test,M,eng
o,UNK,UNK,I-Test,M,eng
x,UNK,UNK,I-Test,E,eng
表,衣,biǎo,I-Test,B,v
达,辶,dá,I-Test,E,v
LB,UNK,UNK,O,S,x
显,日,xiǎn,B-Test_Value,B,a
著,艹,zhù,I-Test_Value,E,a
降,阝,jiàng,I-Test_Value,B,v
低,亻,dī,I-Test_Value,E,v
",",UNK,UNK,O,S,x
sep,sep,sep,sep,sep,sep
与,一,yǔ,O,S,p
依,亻,yī,B-Drug,B,ns
那,阝,nà,I-Drug,M,ns
普,日,pǔ,I-Drug,M,ns
利,刂,lì,I-Drug,E,ns
组,纟,zǔ,O,S,zg
达,辶,dá,O,B,v
到,刂,dào,O,E,v
了,乙,liǎo,O,S,ul
相,目,xiāng,O,B,d
同,口,tóng,O,E,d
的,白,dí,O,S,uj
效,攵,xiào,O,B,n
果,木,guǒ,O,E,n
",",UNK,UNK,O,S,x
sep,sep,sep,sep,sep,sep
说,讠,shuō,O,B,v
明,日,míng,O,E,v
LB,UNK,UNK,O,S,x
A,UNK,UNK,B-Treatment,B,eng
C,UNK,UNK,I-Treatment,M,eng
E,UNK,UNK,I-Treatment,E,eng
SPACE,UNK,UNK,I-Treatment,S,x
s,UNK,UNK,I-Treatment,B,eng
h,UNK,UNK,I-Treatment,M,eng
R,UNK,UNK,I-Treatment,M,eng
N,UNK,UNK,I-Treatment,M,eng
A,UNK,UNK,I-Treatment,E,eng
SPACE,UNK,UNK,O,S,x
通,辶,tōng,O,B,p
过,辶,guò,O,E,p
抑,扌,yì,O,B,v
制,刂,zhì,O,E,v
胰,月,yí,B-Anatomy,B,n
岛,山,dǎo,I-Anatomy,E,n
局,尸,jú,O,B,n
部,阝,bù,O,E,n
SPACE,UNK,UNK,O,S,x
R,UNK,UNK,B-Anatomy,B,eng
A,UNK,UNK,I-Anatomy,M,eng
S,UNK,UNK,I-Anatomy,E,eng
SPACE,UNK,UNK,O,S,x
而,而,ér,O,S,c
降,阝,jiàng,O,B,v
低,亻,dī,O,E,v
了,乙,liǎo,O,S,ul
SPACE,UNK,UNK,O,S,x
N,UNK,UNK,B-Test,B,eng
A,UNK,UNK,I-Test,M,eng
D,UNK,UNK,I-Test,M,eng
P,UNK,UNK,I-Test,M,eng
H,UNK,UNK,I-Test,E,eng
LB,UNK,UNK,I-Test,S,x
氧,气,yǎng,I-Test,B,n
化,亻,huà,I-Test,M,n
酶,酉,méi,I-Test,E,n
的,白,dí,I-Test,S,uj
表,衣,biǎo,I-Test,B,v
达,辶,dá,I-Test,E,v
",",UNK,UNK,O,S,x
sep,sep,sep,sep,sep,sep
提,扌,tí,O,B,v
示,示,shì,O,E,v
胰,月,yí,B-Anatomy,B,n
腺,月,xiàn,I-Anatomy,E,n
局,尸,jú,O,B,n
部,阝,bù,O,E,n
SPACE,UNK,UNK,O,S,x
R,UNK,UNK,B-Anatomy,B,eng
A,UNK,UNK,I-Anatomy,M,eng
S,UNK,UNK,I-Anatomy,E,eng
SPACE,UNK,UNK,O,S,x
与,一,yǔ,O,S,p
胰,月,yí,B-Anatomy,B,n
腺,月,xiàn,I-Anatomy,E,n
内,冂,nèi,O,S,f
的,白,dí,O,S,uj
氧,气,yǎng,O,B,v
化,亻,huà,O,E,v
应,广,yīng,O,S,v
LB,UNK,UNK,O,S,x
激,氵,jī,O,S,n
反,又,fǎn,O,B,vn
应,广,yīng,O,E,vn
密,宀,mì,O,B,l
切,刀,qiē,O,M,l
相,目,xiāng,O,M,l
关,丷,guān,O,E,l
。,UNK,UNK,O,S,x
sep,sep,sep,sep,sep,sep
LB,UNK,UNK,O,S,x
综,纟,zōng,O,B,c
上,一,shàng,O,M,c
所,户,suǒ,O,M,c
述,辶,shù,O,E,c
",",UNK,UNK,O,S,x
本,木,běn,O,S,r
研,石,yán,O,B,vn
究,穴,jiū,O,E,vn
表,衣,biǎo,O,B,v
明,日,míng,O,E,v
",",UNK,UNK,O,S,x
sep,sep,sep,sep,sep,sep
靶,革,bǎ,B-Treatment,B,n
向,口,xiàng,I-Treatment,E,n
抑,扌,yì,I-Treatment,B,v
制,刂,zhì,I-Treatment,E,v
SPACE,UNK,UNK,I-Treatment,S,x
A,UNK,UNK,I-Treatment,B,eng
C,UNK,UNK,I-Treatment,M,eng
E,UNK,UNK,I-Treatment,E,eng
SPACE,UNK,UNK,I-Treatment,S,x
表,衣,biǎo,I-Treatment,B,v
达,辶,dá,I-Treatment,E,v
的,白,dí,I-Treatment,S,uj
小,小,xiǎo,I-Treatment,S,n
LB,UNK,UNK,I-Treatment,S,x
干,干,gān,I-Treatment,B,v
扰,扌,rǎo,I-Treatment,E,v
SPACE,UNK,UNK,I-Treatment,S,x
R,UNK,UNK,I-Treatment,B,eng
N,UNK,UNK,I-Treatment,M,eng
A,UNK,UNK,I-Treatment,E,eng
SPACE,UNK,UNK,O,S,x
注,氵,zhù,B-Method,B,v
射,寸,shè,I-Method,E,v
入,入,rù,O,S,v
SPACE,UNK,UNK,O,S,x
num,UNK,UNK,B-Disease,S,x
SPACE,UNK,UNK,I-Disease,S,x
型,土,xíng,I-Disease,S,k
糖,米,táng,I-Disease,B,n
尿,尸,niào,I-Disease,M,n
病,疒,bìng,I-Disease,E,n
大,大,dà,O,B,n
鼠,鼠,shǔ,O,E,n
后,口,hòu,O,S,f
",",UNK,UNK,O,S,x
sep,sep,sep,sep,sep,sep
成,戈,chéng,O,B,a
功,力,gōng,O,E,a
发,又,fā,O,B,v
挥,扌,huī,O,E,v
了,乙,liǎo,O,S,ul
基,土,jī,B-Treatment,B,n
因,囗,yīn,I-Treatment,E,n
LB,UNK,UNK,I-Treatment,S,x
沉,氵,chén,I-Treatment,B,a
默,黑,mò,I-Treatment,E,a
作,亻,zuò,O,B,v
用,用,yòng,O,E,v
",",UNK,UNK,O,S,x
sep,sep,sep,sep,sep,sep
有,月,yǒu,O,B,a
效,攵,xiào,O,E,a
降,阝,jiàng,B-Test_Value,B,v
低,亻,dī,I-Test_Value,E,v
了,乙,liǎo,O,S,ul
SPACE,UNK,UNK,O,S,x
A,UNK,UNK,B-Test,B,eng
C,UNK,UNK,I-Test,M,eng
E,UNK,UNK,I-Test,E,eng
SPACE,UNK,UNK,I-Test,S,x
m,UNK,UNK,I-Test,B,eng
R,UNK,UNK,I-Test,M,eng
N,UNK,UNK,I-Test,M,eng
A,UNK,UNK,I-Test,E,eng
SPACE,UNK,UNK,O,S,x
及,又,jí,O,S,c
蛋,虫,dàn,B-Test,B,n
白,白,bái,I-Test,E,n
的,白,dí,O,S,uj
表,衣,biǎo,O,B,v
达,辶,dá,O,E,v
。,UNK,UNK,O,S,x
sep,sep,sep,sep,sep,sep
SPACE,UNK,UNK,O,S,x
num,UNK,UNK,O,B,m
num,UNK,UNK,O,E,m
LB,UNK,UNK,O,S,x
d,UNK,UNK,O,S,x
SPACE,UNK,UNK,O,S,x
的,白,dí,O,S,uj
治,氵,zhì,O,B,v
疗,疒,liáo,O,E,v
虽,虫,suī,O,B,c
然,灬,rán,O,E,c
不,一,bù,O,B,v
能,月,néng,O,E,v
逆,辶,nì,O,B,v
转,车,zhuǎn,O,E,v
糖,米,táng,B-Disease,B,n
尿,尸,niào,I-Disease,M,n
病,疒,bìng,I-Disease,E,n
状,犬,zhuàng,O,B,n
态,心,tài,O,E,n
",",UNK,UNK,O,S,x
sep,sep,sep,sep,sep,sep
但,亻,dàn,O,S,c
有,月,yǒu,O,B,a
效,攵,xiào,O,E,a
改,攵,gǎi,O,B,v
善,口,shàn,O,E,v
了,乙,liǎo,O,S,ul
糖,米,táng,B-Reason,S,n
LB,UNK,UNK,I-Reason,S,x
代,亻,dài,I-Reason,B,v
谢,讠,xiè,I-Reason,E,v
及,又,jí,O,S,c
胰,月,yí,B-Reason,B,n
岛,山,dǎo,I-Reason,M,n
素,糸,sù,I-Reason,E,n
抵,扌,dǐ,I-Reason,B,vn
抗,扌,kàng,I-Reason,E,vn
",",UNK,UNK,O,S,x
sep,sep,sep,sep,sep,sep
显,日,xiǎn,O,B,a
著,艹,zhù,O,E,a
减,冫,jiǎn,O,B,v
轻,车,qīng,O,E,v
了,乙,liǎo,O,S,ul
胰,月,yí,B-Anatomy,B,n
岛,山,dǎo,I-Anatomy,E,n
细,纟,xì,I-Anatomy,B,n
胞,月,bāo,I-Anatomy,E,n
的,白,dí,O,S,uj
氧,气,yǎng,O,B,n
化,亻,huà,O,M,n
应,广,yīng,O,M,n
激,氵,jī,O,E,n
",",UNK,UNK,O,S,x
sep,sep,sep,sep,sep,sep
LB,UNK,UNK,O,S,x
表,衣,biǎo,O,B,v
明,日,míng,O,E,v
SPACE,UNK,UNK,O,S,x
R,UNK,UNK,B-Reason,B,eng
A,UNK,UNK,I-Reason,M,eng
S,UNK,UNK,I-Reason,E,eng
SPACE,UNK,UNK,O,S,x
与,一,yǔ,O,S,p
糖,米,táng,B-Disease,B,n
尿,尸,niào,I-Disease,M,n
病,疒,bìng,I-Disease,E,n
的,白,dí,O,S,uj
发,又,fā,O,B,v
生,生,shēng,O,E,v
发,又,fā,O,B,vn
展,尸,zhǎn,O,E,vn
有,月,yǒu,O,S,v
密,宀,mì,O,B,l
切,刀,qiē,O,M,l
关,丷,guān,O,M,l
系,糸,xì,O,E,l
。,UNK,UNK,O,S,x
sep,sep,sep,sep,sep,sep
SPACE,UNK,UNK,O,S,x
而,而,ér,O,B,c
且,一,qiě,O,E,c
",",UNK,UNK,O,S,x
基,土,jī,O,S,a
LB,UNK,UNK,O,S,x
因,囗,yīn,O,S,p
治,氵,zhì,O,B,v
疗,疒,liáo,O,E,v
组,纟,zǔ,O,S,zg
整,攵,zhěng,O,B,b
个,人,gè,O,E,b
治,氵,zhì,O,B,v
疗,疒,liáo,O,E,v
过,辶,guò,O,B,n
程,禾,chéng,O,E,n
只,口,zhī,O,S,d
注,氵,zhù,O,B,v
射,寸,shè,O,E,v
SPACE,UNK,UNK,O,S,x
num,UNK,UNK,O,S,x
SPACE,UNK,UNK,O,S,x
次,欠,cì,O,S,q
",",UNK,UNK,O,S,x
sep,sep,sep,sep,sep,sep
较,车,jiào,O,S,zg
依,亻,yī,B-Drug,B,ns
那,阝,nà,I-Drug,M,ns
普,日,pǔ,I-Drug,M,ns
利,刂,lì,I-Drug,E,ns
组,纟,zǔ,O,S,q
每,母,měi,O,S,r
LB,UNK,UNK,O,S,x
天,大,tiān,O,S,q
用,用,yòng,O,B,n
药,艹,yào,O,E,n
有,月,yǒu,O,S,v
明,日,míng,O,B,a
显,日,xiǎn,O,E,a
的,白,dí,O,S,uj
优,亻,yōu,O,B,b
越,走,yuè,O,M,b
性,忄,xìng,O,E,b
。,UNK,UNK,O,S,x
sep,sep,sep,sep,sep,sep
SPACE,UNK,UNK,O,S,x
因,囗,yīn,O,B,c
此,止,cǐ,O,E,c
",",UNK,UNK,O,S,x
运,辶,yùn,O,B,vn
用,用,yòng,O,E,vn
SPACE,UNK,UNK,O,S,x
R,UNK,UNK,B-Treatment,B,eng
N,UNK,UNK,I-Treatment,M,eng
A,UNK,UNK,I-Treatment,E,eng
SPACE,UNK,UNK,I-Treatment,S,x
干,干,gān,I-Treatment,B,v
扰,扌,rǎo,I-Treatment,E,v
技,扌,jì,I-Treatment,B,n
术,木,shù,I-Treatment,E,n
抑,扌,yì,O,S,zg
LB,UNK,UNK,O,S,x
制,刂,zhì,O,S,n
SPACE,UNK,UNK,O,S,x
A,UNK,UNK,B-Anatomy,B,eng
C,UNK,UNK,I-Anatomy,M,eng
E,UNK,UNK,I-Anatomy,E,eng
SPACE,UNK,UNK,O,S,x
表,衣,biǎo,O,B,v
达,辶,dá,O,E,v
可,口,kě,O,B,v
能,月,néng,O,E,v
成,戈,chéng,O,B,v
为,丶,wéi,O,E,v
治,氵,zhì,O,B,v
疗,疒,liáo,O,E,v
糖,米,táng,B-Disease,B,n
尿,尸,niào,I-Disease,M,n
病,疒,bìng,I-Disease,E,n
的,白,dí,O,S,uj
新,斤,xīn,O,S,n
手,手,shǒu,O,B,n
段,殳,duàn,O,E,n
之,丶,zhī,O,B,r
一,一,yī,O,E,r
。,UNK,UNK,O,S,x
sep,sep,sep,sep,sep,sep
LB,UNK,UNK,O,S,x
